区域号	区域类型	X坐标	Y坐标	Z坐标	线段类型	圆心X	圆心Y	圆心Z	节点	节点X坐标	节点Y坐标	节点Z坐标	楼层
A526	1	13583.9	6044.4	150	1	0	0	0	A526D1	13561.1	6098.8	150	4
0	0	13772.9	5648.2	150	1	0	0	0	0	0	0	0	0
0	0	13501	5521.4	150	1	0	0	0	0	0	0	0	0
0	0	13250.1	6060.2	150	1	0	0	0	0	0	0	0	0
0	0	13521.6	6187	150	1	0	0	0	0	0	0	0	0
0	0	13542	6144.1		3	0	0	0	0	0	0	0	0
0	0	0	0	0	0	0	0	0	0	0	0	0	0
A524	1	13454.5	6331.7	150	1	0	0	0	A524D1	13433.3	6377	150	4
0	0	13484.7	6266.2	150	1	0	0	0	0	0	0	0	0
0	0	13213.1	6139.4	150	1	0	0	0	0	0	0	0	0
0	0	13041.8	6506.8	150	1	0	0	0	0	0	0	0	0
0	0	13313.3	6633.9	150	1	0	0	0	0	0	0	0	0
0	0	13412.2	6422.4	150	3	0	0	0	0	0	0	0	0
0	0	0	0	0	0	0	0	0	0	0	0	0	0
A522	1	13225	6823.8	150	1	0	0	0	A522D1	13203.9	6869.2	150	4
0	0	13313.3	6633.9	150	1	0	0	0	0	0	0	0	0
0	0	13041.8	6506.8	150	1	0	0	0	0	0	0	0	0
0	0	12893.9	6824	150	1	0	0	0	0	0	0	0	0
0	0	13165.8	6950.8	150	1	0	0	0	0	0	0	0	0
0	0	13182.7	6914.5	150	3	0	0	0	0	0	0	0	0
0	0	0	0	0	0	0	0	0	0	0	0	0	0
A521	1	13147.2	6990.6	150	1	0	0	0	A521D1	13126.1	7035.9	150	4
0	0	13165.8	6950.8	150	1	0	0	0	0	0	0	0	0
0	0	12893.9	6824	150	1	0	0	0	0	0	0	0	0
0	0	12744.5	7144.4	150	1	0	0	0	0	0	0	0	0
0	0	13016.4	7271.2	150	1	0	0	0	0	0	0	0	0
0	0	13105	7081.2	150	3	0	0	0	0	0	0	0	0
0	0	0	0	0	0	0	0	0	0	0	0	0	0
A520	1	12924.5	7468.2	150	1	0	0	0	A520D1	12903.4	7513.5	150	4
0	0	13016.4	7271.2	150	1	0	0	0	0	0	0	0	0
0	0	12744.5	7144.4	150	1	0	0	0	0	0	0	0	0
0	0	12582	7492.8	150	1	0	0	0	0	0	0	0	0
0	0	12853.9	7619.6	150	1	0	0	0	0	0	0	0	0
0	0	12882.2	7558.9	150	3	0	0	0	0	0	0	0	0
0	0	0	0	0	0	0	0	0	0	0	0	0	0
A519	1	12617.3	8127.1	150	1	0	0	0	A519D1	12596.1	8172.4	150	4
0	0	12714.5	7918.7	150	1	0	0	0	0	0	0	0	0
0	0	12442.6	7791.9	150	1	0	0	0	0	0	0	0	0
0	0	12247.7	8209.8	150	1	0	0	0	0	0	0	0	0
0	0	12519.6	8336.6	150	1	0	0	0	0	0	0	0	0
0	0	12575	8217.7	150	3	0	0	0	0	0	0	0	0
0	0	0	0	0	0	0	0	0	0	0	0	0	0
A518	1	12458.8	8467	150	1	0	0	0	A518D1	12437.7	8512.3	150	4
0	0	12519.6	8336.6	150	1	0	0	0	0	0	0	0	0
0	0	12247.7	8209.8	150	1	0	0	0	0	0	0	0	0
0	0	12136.9	8447.4	150	1	0	0	0	0	0	0	0	0
0	0	12408.8	8574.2	150	1	0	0	0	0	0	0	0	0
0	0	12416.5	8557.6	150	3	0	0	0	0	0	0	0	0
0	0	0	0	0	0	0	0	0	0	0	0	0	0
A516	1	12395.4	8602.9	150	1	0	0	0	A516D1	12374.3	8648.2	150	4
0	0	12408.8	8574.2	150	1	0	0	0	0	0	0	0	0
0	0	12136.9	8447.4	150	1	0	0	0	0	0	0	0	0
0	0	11980	8783.9	150	1	0	0	0	0	0	0	0	0
0	0	12251.9	8910.7	150	1	0	0	0	0	0	0	0	0
0	0	12353.1	8693.6	150	3	0	0	0	0	0	0	0	0
0	0	0	0	0	0	0	0	0	0	0	0	0	0
A514	1	12154.5	9119.5	150	1	0	0	0	A514D1	12133.4	9164.8	150	4
0	0	12251.9	8910.7	150	1	0	0	0	0	0	0	0	0
0	0	11980	8783.9	150	1	0	0	0	0	0	0	0	0
0	0	11827.3	9111.4	150	1	0	0	0	0	0	0	0	0
0	0	12099.2	9238.2	150	1	0	0	0	0	0	0	0	0
0	0	12112.2	9210.2	150	3	0	0	0	0	0	0	0	0
0	0	0	0	0	0	0	0	0	0	0	0	0	0
A512	1	12088.1	9261.8	150	1	0	0	0	A512D1	12067	9307.1	150	4
0	0	12099.2	9238.2	150	1	0	0	0	0	0	0	0	0
0	0	11827.3	9111.4	150	1	0	0	0	0	0	0	0	0
0	0	11675.5	9437	150	1	0	0	0	0	0	0	0	0
0	0	11947.3	9563.8	150	1	0	0	0	0	0	0	0	0
0	0	12045.9	9352.4	150	3	0	0	0	0	0	0	0	0
0	0	0	0	0	0	0	0	0	0	0	0	0	0
A510	1	11849.4	9773.9	150	1	0	0	0	A510D1	11828.2	9819.2	150	4
0	0	11947.3	9563.8	150	1	0	0	0	0	0	0	0	0
0	0	11675.5	9437	150	1	0	0	0	0	0	0	0	0
0	0	11528.1	9753.1	150	1	0	0	0	0	0	0	0	0
0	0	11800	9879.8	150	1	0	0	0	0	0	0	0	0
0	0	11807.1	9864.5	150	3	0	0	0	0	0	0	0	0
0	0	0	0	0	0	0	0	0	0	0	0	0	0
A508	1	11782.6	9917.1	150	1	0	0	0	A508D1	11761.5	9962.4	150	4
0	0	11800	9879.8	150	1	0	0	0	0	0	0	0	0
0	0	11528.1	9753.1	150	1	0	0	0	0	0	0	0	0
0	0	11372.9	10085.7	150	1	0	0	0	0	0	0	0	0
0	0	11644.8	10212.5	150	1	0	0	0	0	0	0	0	0
0	0	11740.3	10007.7	150	3	0	0	0	0	0	0	0	0
0	0	0	0	0	0	0	0	0	0	0	0	0	0
A506	1	11565	10383.7	150	1	0	0	0	A506D1	11543.9	10429	150	4
0	0	11644.8	10212.5	150	1	0	0	0	0	0	0	0	0
0	0	11372.9	10085.7	150	1	0	0	0	0	0	0	0	0
0	0	11233.5	10384.8	150	1	0	0	0	0	0	0	0	0
0	0	11505.4	10511.5	150	1	0	0	0	0	0	0	0	0
0	0	11522.8	10474.3	150	3	0	0	0	0	0	0	0	0
0	0	0	0	0	0	0	0	0	0	0	0	0	0
A504	1	11488	10548.8	150	1	0	0	0	A504D1	11466.9	10594.1	150	4
0	0	11505.4	10511.5	150	1	0	0	0	0	0	0	0	0
0	0	11233.5	10384.8	150	1	0	0	0	0	0	0	0	0
0	0	11065.8	10744.4	150	1	0	0	0	0	0	0	0	0
0	0	11337.7	10871.1	150	1	0	0	0	0	0	0	0	0
0	0	11445.8	10639.4	150	3	0	0	0	0	0	0	0	0
0	0	0	0	0	0	0	0	0	0	0	0	0	0
A502	1	11238.7	11083.5	150	1	0	0	0	A502D1	11217.6	11128.8	150	4
0	0	11337.7	10871.1	150	1	0	0	0	0	0	0	0	0
0	0	11065.8	10744.4	150	1	0	0	0	0	0	0	0	0
0	0	10905.9	11087.2	150	1	0	0	0	0	0	0	0	0
0	0	11177.8	11214	150	1	0	0	0	0	0	0	0	0
0	0	11196.4	11174.1	150	3	0	0	0	0	0	0	0	0
0	0	0	0	0	0	0	0	0	0	0	0	0	0
A501	1	11282.5	11410.7	150	1	0	0	0	A501D1	11303.7	11365.4	150	4
0	0	11140.2	11717.4	150	1	0	0	0	0	0	0	0	0
0	0	11412.1	11844.2	150	1	0	0	0	0	0	0	0	0
0	0	11626.8	11384	150	1	0	0	0	0	0	0	0	0
0	0	11354.9	11257.2	150	1	0	0	0	0	0	0	0	0
0	0	11324.8	11320	150	3	0	0	0	0	0	0	0	0
0	0	0	0	0	0	0	0	0	0	0	0	0	0
A503	1	11440.2	11072.6	150	1	0	0	0	A503D1	11461.3	11027.3	150	4
0	0	11354.9	11257.2	150	1	0	0	0	0	0	0	0	0
0	0	11626.8	11384	150	1	0	0	0	0	0	0	0	0
0	0	11771.6	11073.5	150	1	0	0	0	0	0	0	0	0
0	0	11499.7	10946.7	150	1	0	0	0	0	0	0	0	0
0	0	11482.4	10982	150	3	0	0	0	0	0	0	0	0
0	0	0	0	0	0	0	0	0	0	0	0	0	0
A505	1	11516.2	10909.5	150	1	0	0	0	A505D1	11537.4	10864.2	150	4
0	0	11499.7	10946.7	150	1	0	0	0	0	0	0	0	0
0	0	11771.6	11073.5	150	1	0	0	0	0	0	0	0	0
0	0	11927.5	10739.1	150	1	0	0	0	0	0	0	0	0
0	0	11655.6	10612.3	150	1	0	0	0	0	0	0	0	0
0	0	11558.5	10818.9	150	3	0	0	0	0	0	0	0	0
0	0	0	0	0	0	0	0	0	0	0	0	0	0
A507	1	11743.2	10422.8	150	1	0	0	0	A507D1	11764.3	10377.5	150	4
0	0	11655.6	10612.3	150	1	0	0	0	0	0	0	0	0
0	0	11927.5	10739.1	150	1	0	0	0	0	0	0	0	0
0	0	12078.8	10414.8	150	1	0	0	0	0	0	0	0	0
0	0	11806.8	10288.1	150	1	0	0	0	0	0	0	0	0
0	0	11785.4	10332.2	150	3	0	0	0	0	0	0	0	0
0	0	0	0	0	0	0	0	0	0	0	0	0	0
A509	1	11818.4	10261.5	150	1	0	0	0	A509D1	11839.5	10216.2	150	4
0	0	11806.8	10288.1	150	1	0	0	0	0	0	0	0	0
0	0	12078.7	10414.8	150	1	0	0	0	0	0	0	0	0
0	0	12232.1	10085.8	150	1	0	0	0	0	0	0	0	0
0	0	11960.2	9959.1	150	1	0	0	0	0	0	0	0	0
0	0	11860.7	10170.8	150	3	0	0	0	0	0	0	0	0
0	0	0	0	0	0	0	0	0	0	0	0	0	0
A511	1	12047.5	9770.3	150	1	0	0	0	A511D1	12068.6	9724.9	150	4
0	0	11960.2	9959.1	150	1	0	0	0	0	0	0	0	0
0	0	12232.1	10085.8	150	1	0	0	0	0	0	0	0	0
0	0	12385.5	9756.9	150	1	0	0	0	0	0	0	0	0
0	0	12113.6	9630.1	150	1	0	0	0	0	0	0	0	0
0	0	12089.7	9679.6	150	3	0	0	0	0	0	0	0	0
0	0	0	0	0	0	0	0	0	0	0	0	0	0
A513	1	12123.5	9607.1	150	1	0	0	0	A513D1	12144.7	9561.8	150	4
0	0	12113.6	9630.1	150	1	0	0	0	0	0	0	0	0
0	0	12385.5	9756.9	150	1	0	0	0	0	0	0	0	0
0	0	12535	9436.3	150	1	0	0	0	0	0	0	0	0
0	0	12262.4	9309.2	150	1	0	0	0	0	0	0	0	0
0	0	12165.8	9516.5	150	3	0	0	0	0	0	0	0	0
0	0	0	0	0	0	0	0	0	0	0	0	0	0
A527	1	12360.2	9095.6	150	1	0	0	0	A527D1	12381.3	9054.3	150	4
0	0	12262.4	9309.2	150	1	0	0	0	0	0	0	0	0
0	0	12535	9436.3	150	1	0	0	0	0	0	0	0	0
0	0	12685.3	9113.8	150	1	0	0	0	0	0	0	0	0
0	0	12412.8	8986.8	150	1	0	0	0	0	0	0	0	0
0	0	12402.5	9009	150	3	0	0	0	0	0	0	0	0
0	0	0	0	0	0	0	0	0	0	0	0	0	0
A515	1	12423.2	8964.5	150	1	0	0	0	A515D1	12444.3	8919.2	150	4
0	0	12412.8	8986.8	150	1	0	0	0	0	0	0	0	0
0	0	12685.3	9113.8	150	1	0	0	0	0	0	0	0	0
0	0	12838.8	8784.8	150	1	0	0	0	0	0	0	0	0
0	0	12566.9	8658.1	150	1	0	0	0	0	0	0	0	0
0	0	12465.4	8873.9	150	3	0	0	0	0	0	0	0	0
0	0	0	0	0	0	0	0	0	0	0	0	0	0
A529	1	12665.3	8445.2	150	1	0	0	0	A529D1	12686.5	8399.9	150	4
0	0	12566.9	8658.1	150	1	0	0	0	0	0	0	0	0
0	0	12838.8	8784.8	150	1	0	0	0	0	0	0	0	0
0	0	12987.2	8466.4	150	1	0	0	0	0	0	0	0	0
0	0	12714.7	8339.3	150	1	0	0	0	0	0	0	0	0
0	0	12707.6	8354.6	150	3	0	0	0	0	0	0	0	0
0	0	0	0	0	0	0	0	0	0	0	0	0	0
A517	1	12727.9	8311.1	150	1	0	0	0	A517D2	12749	8265.8	150	4
0	0	12714.7	8339.3	150	1	0	0	0	A517D1	12970.9	7790	150	4
0	0	12987.2	8466.4	150	1	0	0	0	0	0	0	0	0
0	0	13299.6	7796.5	150	1	0	0	0	0	0	0	0	0
0	0	13027.7	7669.7	150	1	0	0	0	0	0	0	0	0
0	0	12992	7744.7	150	3	0	0	0	0	0	0	0	0
0	0	12949.8	7835.3	150	1	0	0	0	0	0	0	0	0
0	0	12770.1	8220.5	150	3	0	0	0	0	0	0	0	0
0	0	0	0	0	0	0	0	0	0	0	0	0	0
A523	1	13344.1	6989.7	150	1	0	0	0	A523D1	13365.2	6944.4	150	4
0	0	13306.2	7071.3	150	1	0	0	0	0	0	0	0	0
0	0	13577.9	7198.1	150	1	0	0	0	0	0	0	0	0
0	0	13751.8	6825.1	150	1	0	0	0	0	0	0	0	0
0	0	13479.9	6698.3	150	1	0	0	0	0	0	0	0	0
0	0	13386.3	6899.1	150	3	0	0	0	0	0	0	0	0
0	0	0	0	0	0	0	0	0	0	0	0	0	0
A525	1	13573.5	6497.6	150	1	0	0	0	A525D1	13594.7	6452.3	150	4
0	0	13479.9	6698.3	150	1	0	0	0	0	0	0	0	0
0	0	13751.8	6825.1	150	1	0	0	0	0	0	0	0	0
0	0	13918.3	6468.2	150	1	0	0	0	0	0	0	0	0
0	0	13646.4	6341.4	150	1	0	0	0	0	0	0	0	0
0	0	13615.8	6406.9	150	3	0	0	0	0	0	0	0	0
0	0	0	0	0	0	0	0	0	0	0	0	0	0
A528	1	13522	6187	150	1	0	0	0	A528D1	13503.5	6226.6	150	4
0	0	13362.2	6112.5	150	1	0	0	0	0	0	0	0	0
0	0	13325.3	6191.7	150	1	0	0	0	0	0	0	0	0
0	0	13485	6266.2	150	3	0	0	0	0	0	0	0	0
0	0	0	0	0	0	0	0	0	0	0	0	0	0
A530	1	13646.4	6341.4	150	1	0	0	0	A530D1	13664	6303.5	150	4
0	0	13785.8	6406.4	150	1	0	0	0	0	0	0	0	0
0	0	13822.7	6327.2	150	1	0	0	0	0	0	0	0	0
0	0	13683.3	6262.2	150	3	0	0	0	0	0	0	0	0
0	0	0	0	0	0	0	0	0	0	0	0	0	0
A5E11	1	13027.7	7669.7	150	1	0	0	0	0	0	0	0	0
0	0	13190.2	7745.5	150	1	0	0	0	0	0	0	0	0
0	0	13321.2	7464.5	150	1	0	0	0	0	0	0	0	0
0	0	13285	7447.6	150	3	0	0	0	0	0	0	0	0
0	0	13212.5	7413.8	150	1	0	0	0	0	0	0	0	0
0	0	13158.1	7388.5	150	3	0	0	0	0	0	0	0	0
0	0	0	0	0	0	0	0	0	0	0	0	0	0
A5C1	2	13027.7	7669.7	150	1	0	0	0	A5P02	13248.7	7430.7	150	4
0	0	13190.2	7745.5	150	1	0	0	0	A5P01	13092.6	7529	150	4
0	0	13321.2	7464.5	150	1	0	0	0	0	0	0	0	0
0	0	13158.1	7388.5	150	1	0	0	0	0	0	0	0	0
0	0	0	0	0	0	0	0	0	0	0	0	0	0
A5S11	3	13285	7447.6	150	1	0	0	0	A5P03	13349.2	7381	150	4
0	0	13312.2	7460.3	150	3	0	0	0	A5P02	13248.7	7430.7	150	4
0	0	13460.1	7143.1	150	1	0	0	0	0	0	0	0	0
0	0	13306	7071.3	150	1	0	0	0	0	0	0	0	0
0	0	13158.1	7388.5	150	1	0	0	0	0	0	0	0	0
0	0	13212.5	7413.8	150	3	0	0	0	0	0	0	0	0
0	0	0	0	0	0	0	0	0	0	0	0	0	0
A5S13	3	13516.3	7555.4	322.5	1	0	0	0	A5P05	13627	7317.5	322.5	4
0	0	13606.7	7597.7	322.5	1	0	0	0	A5P04	13553.1	7476.1	322.5	4
0	0	13754.6	7280.5	322.5	1	0	0	0	0	0	0	0	0
0	0	13664	7238.2	322.5	3	0	0	0	0	0	0	0	0
0	0	0	0	0	0	0	0	0	0	0	0	0	0
A5S14	3	13386.1	7301.7	495	1	0	0	0	A5P05	13627	7317.5	322.5	4
0	0	13590.1	7396.8	322.5	3	0	0	0	A6P03	13423.1	7222.4	495	4
0	0	13664	7238.2	322.5	1	0	0	0	0	0	0	0	0
0	0	13460.1	7143.1	495	3	0	0	0	0	0	0	0	0
0	0	0	0	0	0	0	0	0	0	0	0	0	0
A5S12	3	13312.2	7460.3	150	1	0	0	0	A5P03	13349.2	7381	150	4
0	0	13516.1	7555.4	322.5	3	0	0	0	A5P04	13553.1	7476.1	322.5	4
0	0	13590.1	7396.8	322.5	1	0	0	0	0	0	0	0	0
0	0	13386.1	7301.7	150	3	0	0	0	0	0	0	0	0
0	0	0	0	0	0	0	0	0	0	0	0	0	0
A5S21	3	12853.9	7619.6	150	1	0	0	0	A5P06	12784.2	7769.1	150	4
0	0	12769.6	7580.3	150	3	0	0	0	A5P07	12699.9	7729.8	150	4
0	0	12630.2	7879.2	150	1	0	0	0	0	0	0	0	0
0	0	12714.5	7918.7	150	3	0	0	0	0	0	0	0	0
0	0	0	0	0	0	0	0	0	0	0	0	0	0
A5S23	3	12304.5	7567.5	0	1	0	0	0	A5P09	12338.3	7495	0	4
0	0	12243.2	7698.9	0	1	0	0	0	A5P08	12428	7603	0	4
0	0	12358.3	7752.6	0	3	0	0	0	0	0	0	0	0
0	0	12497.8	7453.5	0	1	0	0	0	0	0	0	0	0
0	0	12382.7	7399.8	0	1	0	0	0	0	0	0	0	0
0	0	12372.1	7422.5	0	3	0	0	0	0	0	0	0	0
0	0	0	0	0	0	0	0	0	0	0	0	0	0
A5S22	3	12769.6	7580.3	150	1	0	0	0	A5P07	12699.9	7729.8	150	4
0	0	12497.8	7453.5	0	3	0	0	0	A5P08	12428	7603	0	4
0	0	12358.3	7752.6	0	1	0	0	0	0	0	0	0	0
0	0	12630.2	7879.2	150	3	0	0	0	0	0	0	0	0
0	0	0	0	0	0	0	0	0	0	0	0	0	0
B4C4	2	11177.8	11214	0	1	0	0	0	A5P11	10791.8	11331.9	0	4
0	0	10682.3	11214	0	1	0	0	0	B4P01	10682.3	11478.7	0	4
0	0	10682.3	11398.7	0	3	0	0	0	0	0	0	0	0
0	0	10682.3	11558.7	0	1	0	0	0	0	0	0	0	0
0	0	10682.3	11744	0	1	0	0	0	0	0	0	0	0
0	0	10915.8	11776	0	1	0	0	0	0	0	0	0	0
0	0	11036.3	11517.6	0	3	0	0	0	0	0	0	0	0
0	0	11091.2	11399.8	0	1	0	0	0	0	0	0	0	0
0	0	0	0	0	0	0	0	0	0	0	0	0	0
B4E13	1	11177.8	11214	0	1	0	0	0	0	0	0	0	0
0	0	10682.3	11214	0	1	0	0	0	0	0	0	0	0
0	0	10682.3	11398.7	0	3	0	0	0	0	0	0	0	0
0	0	10682.3	11558.7	0	1	0	0	0	0	0	0	0	0
0	0	10682.3	11744	0	1	0	0	0	0	0	0	0	0
0	0	10915.8	11776	0	1	0	0	0	0	0	0	0	0
0	0	11036.3	11517.6	0	3	0	0	0	0	0	0	0	0
0	0	11091.2	11399.8	0	1	0	0	0	0	0	0	0	0
0	0	0	0	0	0	0	0	0	0	0	0	0	0
A5S31	3	11091.2	11399.8	150	1	0	0	0	A5P10	11063.7	11458.7	150	4
0	0	10819.3	11273	0	3	0	0	0	A5P11	10791.8	11331.9	0	4
0	0	10764.4	11390.8	0	1	0	0	0	0	0	0	0	0
0	0	11036.3	11517.6	150	3	0	0	0	0	0	0	0	0
0	0	0	0	0	0	0	0	0	0	0	0	0	0
A5WC	1	13901.6	5794	150	1	0	0	0	0	0	0	0	0
0	0	13683.3	6262.2	150	1	0	0	0	0	0	0	0	0
0	0	13955.2	6389	150	1	0	0	0	0	0	0	0	0
0	0	14173.5	5920.8	150	1	0	0	0	0	0	0	0	0
0	0	0	0	0	0	0	0	0	0	0	0	0	0
A5C2	2	12875.8	7993.9	150	1	0	0	0	A5P15	12795.1	7956.3	150	4
0	0	11177.8	11214	150	1	0	0	0	A519D1	12596.1	8172.4	150	4
0	0	11374	11214	150	1	0	0	0	A518D1	12437.7	8512.3	150	4
0	0	13027.1	7669.4	150	1	0	0	0	A516D1	12374.3	8648.2	150	4
0	0	0	0	0	0	0	0	0	A514D1	12133.4	9164.8	150	4
0	0	0	0	0	0	0	0	0	A512D1	12067	9307.1	150	4
0	0	0	0	0	0	0	0	0	A510D1	11828.2	9819.2	150	4
0	0	0	0	0	0	0	0	0	A508D1	11761.5	9962.4	150	4
0	0	0	0	0	0	0	0	0	A506D1	11543.9	10429	150	4
0	0	0	0	0	0	0	0	0	A504D1	11466.9	10594.1	150	4
0	0	0	0	0	0	0	0	0	A502D1	11217.6	11128.8	150	4
0	0	0	0	0	0	0	0	0	A5P12	11274.9	11214	150	4
0	0	0	0	0	0	0	0	0	A503D1	11461.3	11027.3	150	4
0	0	0	0	0	0	0	0	0	A505D1	11537.4	10864.2	150	4
0	0	0	0	0	0	0	0	0	A507D1	11764.3	10377.5	150	4
0	0	0	0	0	0	0	0	0	A509D1	11839.5	10216.2	150	4
0	0	0	0	0	0	0	0	0	A511D1	12068.6	9724.9	150	4
0	0	0	0	0	0	0	0	0	A513D1	12144.7	9561.8	150	4
0	0	0	0	0	0	0	0	0	A527D1	12381.3	9054.3	150	4
0	0	0	0	0	0	0	0	0	A515D1	12444.3	8919.2	150	4
0	0	0	0	0	0	0	0	0	A529D1	12686.5	8399.9	150	4
0	0	0	0	0	0	0	0	0	A517D2	12749	8265.8	150	4
0	0	0	0	0	0	0	0	0	0	0	0	0	0
A5C4	2	13773.2	5648.2	150	1	0	0	0	A526D1	13561.1	6098.8	150	4
0	0	12996.8	7313.3	150	1	0	0	0	A528D1	13503.5	6226.6	150	4
0	0	13101.4	7388.5	150	1	0	0	0	A530D1	13664	6303.5	150	4
0	0	13901.6	5794	150	1	0	0	0	A524D1	13433.3	6377	150	4
0	0	0	0	0	0	0	0	0	A525D1	13594.7	6452.3	150	4
0	0	0	0	0	0	0	0	0	A522D1	13203.9	6869.2	150	4
0	0	0	0	0	0	0	0	0	A523D1	13365.2	6944.4	150	4
0	0	0	0	0	0	0	0	0	A521D1	13126.1	7035.9	150	4
0	0	0	0	0	0	0	0	0	A5P13	13077.4	7350.9	150	4
0	0	0	0	0	0	0	0	0	0	0	0	0	0
A5C5	2	12996.8	7313.3	150	1	0	0	0	A5P13	13077.4	7350.9	150	4
0	0	12865.8	7594.2	150	1	0	0	0	A5P14	12946.4	7631.8	150	4
0	0	13027.1	7669.4	150	1	0	0	0	A5P01	13092.6	7529	150	4
0	0	13101.4	7388.5	150	1	0	0	0	A520D1	12903.4	7513.5	150	4
0	0	0	0	0	0	0	0	0	0	0	0	0	0
A5C6	2	12865.8	7594.2	150	1	0	0	0	A5P14	12946.4	7631.8	150	4
0	0	12714.5	7918.7	150	1	0	0	0	A5P06	12734.8	7655.1	150	4
0	0	12875.8	7993.9	150	1	0	0	0	A517D1	12970.9	7790	150	4
0	0	13027.1	7669.4	150	1	0	0	0	A5P15	12795.1	7956.3	150	4
0	0	0	0	0	0	0	0	0	0	0	0	0	0
A5C3	2	11177.8	11214	150	1	0	0	0	A5P12	11274.9	11214	150	4
0	0	10915.8	11776	150	1	0	0	0	A5P10	11063.7	11458.7	150	4
0	0	11100.4	11801.3	150	1	0	0	0	A501D1	11303.7	11365.4	150	4
0	0	11374	11214	150	1	0	0	0	0	0	0	0	0
0	0	0	0	0	0	0	0	0	0	0	0	0	0
A5E1	1	13773.2	5648.2	150	1	0	0	0	0	0	0	0	0
0	0	13901.6	5794	150	1	0	0	0	0	0	0	0	0
0	0	13901.6	5794	150	1	0	0	0	0	0	0	0	0
0	0	13773.2	5648.2	150	1	0	0	0	0	0	0	0	0
0	0	0	0	0	0	0	0	0	0	0	0	0	0
A5E2	1	10915.8	11776	150	1	0	0	0	0	0	0	0	0
0	0	10915.8	11776	150	1	0	0	0	0	0	0	0	0
0	0	11100.4	11801.3	150	1	0	0	0	0	0	0	0	0
0	0	11140.2	11717.4	150	1	0	0	0	0	0	0	0	0
0	0	11140.2	11717.4	150	1	0	0	0	0	0	0	0	0
0	0	11100.4	11801.3	150	1	0	0	0	0	0	0	0	0
0	0	0	0	0	0	0	0	0	0	0	0	0	0
B4C3	2	10682.3	11214	0	1	0	0	0	B4P01	10682.3	11478.7	0	4
0	0	9212.3	11214	0	1	0	0	0	B4P02	9212.3	11479	0	4
0	0	9212.3	11744	0	1	0	0	0	B4P08	9787.3	11214	0	4
0	0	10682.3	11744	0	1	0	0	0	0	0	0	0	0
0	0	0	0	0	0	0	0	0	0	0	0	0	0
B4E12	1	10682.3	11398.7	0	1	0	0	0	0	0	0	0	0
0	0	10682.3	11214	0	1	0	0	0	0	0	0	0	0
0	0	10177.3	11214	0	3	0	0	0	0	0	0	0	0
0	0	9397.3	11214	0	1	0	0	0	0	0	0	0	0
0	0	9212.3	11214	0	1	0	0	0	0	0	0	0	0
0	0	9212.3	11399	0	3	0	0	0	0	0	0	0	0
0	0	9212.3	11559	0	1	0	0	0	0	0	0	0	0
0	0	9212.3	11744	0	1	0	0	0	0	0	0	0	0
0	0	10682.3	11744	0	1	0	0	0	0	0	0	0	0
0	0	10682.3	11558.7	0	3	0	0	0	0	0	0	0	0
0	0	0	0	0	0	0	0	0	0	0	0	0	0
B4S11	3	9997.3	11214	0	1	0	0	0	B4P08	9787.3	11214	0	4
0	0	9997.3	10794	210	3	0	0	0	B4P09	9787.3	10794	210	4
0	0	9577.3	10794	210	1	0	0	0	0	0	0	0	0
0	0	9577.3	11214	0	3	0	0	0	0	0	0	0	0
0	0	0	0	0	0	0	0	0	0	0	0	0	0
B4S12	3	10177.3	10794	210	1	0	0	0	B4P10	10087.3	10794	210	4
0	0	10177.3	10564	210	1	0	0	0	B4P09	9787.3	10794	210	4
0	0	9397.3	10564	210	1	0	0	0	B4P11	9487.3	10794	210	4
0	0	9397.3	10794	210	3	0	0	0	0	0	0	0	0
0	0	0	0	0	0	0	0	0	0	0	0	0	0
B4C2	2	9212.3	11214	0	1	0	0	0	B4P02	9212.3	11479	0	4
0	0	8492.3	11214	0	3	0	0	0	B4P22	8492.3	11479	0	4
0	0	8492.3	11744	0	1	0	0	0	0	0	0	0	0
0	0	9212.3	11744	0	1	0	0	0	0	0	0	0	0
0	0	0	0	0	0	0	0	0	0	0	0	0	0
B4E11	1	9212.3	11399	0	1	0	0	0	0	0	0	0	0
0	0	9212.3	11214	0	1	0	0	0	0	0	0	0	0
0	0	8492.3	11214	0	3	0	0	0	0	0	0	0	0
0	0	8492.3	11744	0	1	0	0	0	0	0	0	0	0
0	0	9212.3	11744	0	1	0	0	0	0	0	0	0	0
0	0	9212.3	11559	0	3	0	0	0	0	0	0	0	0
0	0	0	0	0	0	0	0	0	0	0	0	0	0
B4WC	1	8492.3	10643.4	0	1	0	0	0	0	0	0	0	0
0	0	8492.3	11214	0	1	0	0	0	0	0	0	0	0
0	0	9092.3	11214	0	1	0	0	0	0	0	0	0	0
0	0	9092.3	10643.4	0	1	0	0	0	0	0	0	0	0
0	0	0	0	0	0	0	0	0	0	0	0	0	0
B401	1	8492.3	10584	0	1	0	0	0	B401D1	8492.3	9634	0	4
0	0	8492.3	10643.4	0	1	0	0	0	B401D2	8492.3	10534	0	4
0	0	9092.3	10643.4	0	1	0	0	0	0	0	0	0	0
0	0	9092.3	9534	0	1	0	0	0	0	0	0	0	0
0	0	8492.3	9534	0	1	0	0	0	0	0	0	0	0
0	0	8492.3	9584	0	3	0	0	0	0	0	0	0	0
0	0	8492.3	9684	0	1	0	0	0	0	0	0	0	0
0	0	8492.3	10484	0	3	0	0	0	0	0	0	0	0
0	0	0	0	0	0	0	0	0	0	0	0	0	0
B403	1	8492.3	9484	0	1	0	0	0	B403D1	8492.3	8524	0	4
0	0	8492.3	9534	0	1	0	0	0	B403D2	8492.3	9434	0	4
0	0	9092.3	9534	0	1	0	0	0	0	0	0	0	0
0	0	9092.3	8420.6	0	1	0	0	0	0	0	0	0	0
0	0	8492.3	8420.6	0	1	0	0	0	0	0	0	0	0
0	0	8492.3	8474	0	3	0	0	0	0	0	0	0	0
0	0	8492.3	8574	0	1	0	0	0	0	0	0	0	0
0	0	8492.3	9384	0	3	0	0	0	0	0	0	0	0
0	0	0	0	0	0	0	0	0	0	0	0	0	0
B405	1	8492.3	8364	0	1	0	0	0	B405D1	8492.3	7404	0	4
0	0	8492.3	8420.6	0	1	0	0	0	B405D2	8492.3	8314	0	4
0	0	9092.3	8420.6	0	1	0	0	0	0	0	0	0	0
0	0	9092.3	7104.9	0	1	0	0	0	0	0	0	0	0
0	0	8492.3	7104.9	0	1	0	0	0	0	0	0	0	0
0	0	8492.3	7354	0	3	0	0	0	0	0	0	0	0
0	0	8492.3	7454	0	1	0	0	0	0	0	0	0	0
0	0	8492.3	8264	0	3	0	0	0	0	0	0	0	0
0	0	0	0	0	0	0	0	0	0	0	0	0	0
B4E1	1	7655.3	4444	0	1	0	0	0	0	0	0	0	0
0	0	7655.3	6164	0	1	0	0	0	0	0	0	0	0
0	0	9093.3	6164	0	1	0	0	0	0	0	0	0	0
0	0	9093.3	4444	0	1	0	0	0	0	0	0	0	0
0	0	0	0	0	0	0	0	0	0	0	0	0	0
B407	1	8255.3	6814	0	1	0	0	0	B407D1	8255.3	6864	0	4
0	0	8255.3	6734	0	1	0	0	0	B407D2	8255.3	7764	0	4
0	0	7655.3	6734	0	1	0	0	0	0	0	0	0	0
0	0	7655.3	7864	0	1	0	0	0	0	0	0	0	0
0	0	8255.3	7864	0	1	0	0	0	0	0	0	0	0
0	0	8255.3	7814	0	3	0	0	0	0	0	0	0	0
0	0	8255.3	7714	0	1	0	0	0	0	0	0	0	0
0	0	8255.3	6914	0	3	0	0	0	0	0	0	0	0
0	0	0	0	0	0	0	0	0	0	0	0	0	0
B406	1	8255.3	7914	0	1	0	0	0	B406D1	8255.3	7964	0	4
0	0	8255.3	7864	0	1	0	0	0	B406D2	8255.3	8874	0	4
0	0	7655.3	7864	0	1	0	0	0	0	0	0	0	0
0	0	7655.3	8974	0	1	0	0	0	0	0	0	0	0
0	0	8255.3	8974	0	1	0	0	0	0	0	0	0	0
0	0	8255.3	8924	0	3	0	0	0	0	0	0	0	0
0	0	8255.3	8824	0	1	0	0	0	0	0	0	0	0
0	0	8255.3	8014	0	3	0	0	0	0	0	0	0	0
0	0	0	0	0	0	0	0	0	0	0	0	0	0
B404	1	8255.3	9024	0	1	0	0	0	B404D1	8255.3	9074	0	4
0	0	8255.3	8974	0	1	0	0	0	B404D2	8255.3	9984	0	4
0	0	7655.3	8974	0	1	0	0	0	0	0	0	0	0
0	0	7655.3	10084	0	1	0	0	0	0	0	0	0	0
0	0	8255.3	10084	0	1	0	0	0	0	0	0	0	0
0	0	8255.3	10034	0	3	0	0	0	0	0	0	0	0
0	0	8255.3	9934	0	1	0	0	0	0	0	0	0	0
0	0	8255.3	9124	0	3	0	0	0	0	0	0	0	0
0	0	0	0	0	0	0	0	0	0	0	0	0	0
B402	1	8255.3	10134	0	1	0	0	0	B402D1	8255.3	10184	0	4
0	0	8255.3	10084	0	1	0	0	0	B402D2	8255.3	11084	0	4
0	0	7655.3	10084	0	1	0	0	0	0	0	0	0	0
0	0	7655.3	11214	0	1	0	0	0	0	0	0	0	0
0	0	8255.3	11214	0	1	0	0	0	0	0	0	0	0
0	0	8255.3	11134	0	3	0	0	0	0	0	0	0	0
0	0	8255.3	11034	0	1	0	0	0	0	0	0	0	0
0	0	8255.3	10234	0	3	0	0	0	0	0	0	0	0
0	0	0	0	0	0	0	0	0	0	0	0	0	0
B4C5	2	8492.3	7104.9	0	1	0	0	0	B4P07	9162.3	6459	0	4
0	0	9092.3	7104.9	0	1	0	0	0	B4P06	8492.3	6459	0	4
0	0	9093.3	6164	0	1	0	0	0	0	0	0	0	0
0	0	8492.3	6164	0	1	0	0	0	0	0	0	0	0
0	0	0	0	0	0	0	0	0	0	0	0	0	0
B4E14	1	8492.3	6539	0	1	0	0	0	0	0	0	0	0
0	0	8492.3	7104.9	0	1	0	0	0	0	0	0	0	0
0	0	9092.3	7104.9	0	1	0	0	0	0	0	0	0	0
0	0	9092.3	6684	0	1	0	0	0	0	0	0	0	0
0	0	9162.3	6684	0	1	0	0	0	0	0	0	0	0
0	0	9162.3	6649	0	3	0	0	0	0	0	0	0	0
0	0	9162.3	6269	0	1	0	0	0	0	0	0	0	0
0	0	9162.3	6234	0	1	0	0	0	0	0	0	0	0
0	0	9093.3	6234	0	1	0	0	0	0	0	0	0	0
0	0	9093.3	6164	0	1	0	0	0	0	0	0	0	0
0	0	8492.3	6164	0	1	0	0	0	0	0	0	0	0
0	0	8492.3	6379	0	3	0	0	0	0	0	0	0	0
0	0	0	0	0	0	0	0	0	0	0	0	0	0
B4C6	2	9162.3	6269	0	3	0	0	0	B4P07	9162.3	6459	0	4
0	0	9162.3	6649	0	2	7395.1	16683.3	0	A5P09	12338.3	7495	0	4
0	0	12232.6	7721.6	0	1	0	0	0	0	0	0	0	0
0	0	12393.2	7377.1	0	3	0	0	0	0	0	0	0	0
0	0	0	0	0	0	0	0	0	0	0	0	0	0
B4E15	1	9162.3	6269	0	3	0	0	0	0	0	0	0	0
0	0	9162.3	6649	0	2	7395.1	16683.3	0	0	0	0	0	0
0	0	12232.6	7721.6	0	1	0	0	0	0	0	0	0	0
0	0	12304.5	7567.5	0	3	0	0	0	0	0	0	0	0
0	0	12372.1	7422.5	0	1	0	0	0	0	0	0	0	0
0	0	12393.2	7377.1	0	3	0	0	0	0	0	0	0	0
0	0	0	0	0	0	0	0	0	0	0	0	0	0
B4E2	1	9162.3	6269	0	2	8312.1	14012.1	0	0	0	0	0	0
0	0	12393.2	7377.1	0	3	0	0	0	0	0	0	0	0
0	0	0	0	0	0	0	0	0	0	0	0	0	0
B4C1	2	8255.3	6734	0	1	0	0	0	B4P03	8373.8	11214	0	4
0	0	8255.3	11214	0	1	0	0	0	B402D1	8255.3	10184	0	4
0	0	8492.3	11214	0	1	0	0	0	B402D2	8255.3	11084	0	4
0	0	8492.3	6734	0	1	0	0	0	B401D1	8492.3	9634	0	4
0	0	0	0	0	0	0	0	0	B401D2	8492.3	10534	0	4
0	0	0	0	0	0	0	0	0	B404D1	8255.3	9074	0	4
0	0	0	0	0	0	0	0	0	B404D2	8255.3	9984	0	4
0	0	0	0	0	0	0	0	0	B403D1	8492.3	8524	0	4
0	0	0	0	0	0	0	0	0	B403D2	8492.3	9434	0	4
0	0	0	0	0	0	0	0	0	B406D1	8255.3	7964	0	4
0	0	0	0	0	0	0	0	0	B406D2	8255.3	8874	0	4
0	0	0	0	0	0	0	0	0	B405D1	8492.3	7404	0	4
0	0	0	0	0	0	0	0	0	B405D2	8492.3	8314	0	4
0	0	0	0	0	0	0	0	0	B407D1	8255.3	6864	0	4
0	0	0	0	0	0	0	0	0	B407D2	8255.3	7764	0	4
0	0	0	0	0	0	0	0	0	B4P20	8373.8	6734	0	4
0	0	0	0	0	0	0	0	0	0	0	0	0	0
B4C8	2	8255.3	6164	0	1	0	0	0	B4P05	8255.3	6459	0	4
0	0	8255.3	6734	0	1	0	0	0	B4P06	8492.3	6459	0	4
0	0	8492.3	6734	0	1	0	0	0	B4P20	8373.8	6734	0	4
0	0	8492.3	6164	0	1	0	0	0	0	0	0	0	0
0	0	0	0	0	0	0	0	0	0	0	0	0	0
B4C7	2	5354.7	11474	0	1	0	0	0	B4P04	7615.3	11344	0	4
0	0	7615.3	11474	0	3	0	0	0	C4P07	5445	11421.5	0	4
0	0	7615.3	11064	0	1	0	0	0	0	0	0	0	0
0	0	5354.7	11064	0	1	0	0	0	0	0	0	0	0
0	0	0	0	0	0	0	0	0	0	0	0	0	0
B4E16	1	5535.3	11474	0	1	0	0	0	0	0	0	0	0
0	0	7615.3	11474	0	3	0	0	0	0	0	0	0	0
0	0	7615.3	11214	0	1	0	0	0	0	0	0	0	0
0	0	7615.3	11064	0	1	0	0	0	0	0	0	0	0
0	0	5354.7	11064	0	1	0	0	0	0	0	0	0	0
0	0	5354.7	11369	0	3	0	0	0	0	0	0	0	0
0	0	0	0	0	0	0	0	0	0	0	0	0	0
B4C9	2	8255.3	11214	0	1	0	0	0	B4P03	8373.8	11214	0	4
0	0	8255.3	11744	0	1	0	0	0	B4P21	8255.3	11479	0	4
0	0	8492.3	11744	0	1	0	0	0	B4P22	8492.3	11479	0	4
0	0	8492.3	11214	0	1	0	0	0	0	0	0	0	0
0	0	0	0	0	0	0	0	0	0	0	0	0	0
B4E18	1	8255.3	11214	0	3	0	0	0	0	0	0	0	0
0	0	8255.3	11744	0	1	0	0	0	0	0	0	0	0
0	0	8492.3	11744	0	3	0	0	0	0	0	0	0	0
0	0	8492.3	11214	0	3	0	0	0	0	0	0	0	0
0	0	0	0	0	0	0	0	0	0	0	0	0	0
B4C10	2	8255.3	11214	0	1	0	0	0	B4P21	8255.3	11479	0	4
0	0	7615.3	11214	0	3	0	0	0	B4P04	7615.3	11344	0	4
0	0	7615.3	11744	0	1	0	0	0	0	0	0	0	0
0	0	8255.3	11744	0	3	0	0	0	0	0	0	0	0
0	0	0	0	0	0	0	0	0	0	0	0	0	0
B4E19	1	8255.3	11214	0	1	0	0	0	0	0	0	0	0
0	0	7615.3	11214	0	3	0	0	0	0	0	0	0	0
0	0	7615.3	11474	0	1	0	0	0	0	0	0	0	0
0	0	7615.3	11744	0	1	0	0	0	0	0	0	0	0
0	0	8255.3	11744	0	3	0	0	0	0	0	0	0	0
0	0	0	0	0	0	0	0	0	0	0	0	0	0
D420	1	600	62	0	1	0	0	0	D420D1	600	112	0	4
0	0	600	0	0	1	0	0	0	0	0	0	0	0
0	0	0	0	0	1	0	0	0	0	0	0	0	0
0	0	0	806	0	1	0	0	0	0	0	0	0	0
0	0	600	806	0	1	0	0	0	0	0	0	0	0
0	0	600	162	0	3	0	0	0	0	0	0	0	0
0	0	0	0	0	0	0	0	0	0	0	0	0	0
D419	1	600	1450	0	1	0	0	0	D419D1	600	1500	0	4
0	0	600	806	0	1	0	0	0	0	0	0	0	0
0	0	0	806	0	1	0	0	0	0	0	0	0	0
0	0	0	1918.5	0	1	0	0	0	0	0	0	0	0
0	0	600	1918.5	0	1	0	0	0	0	0	0	0	0
0	0	600	1550	0	3	0	0	0	0	0	0	0	0
0	0	0	0	0	0	0	0	0	0	0	0	0	0
D418	1	600	2287	0	1	0	0	0	D418D1	600	2337	0	4
0	0	600	1918.5	0	1	0	0	0	0	0	0	0	0
0	0	0	1918.5	0	1	0	0	0	0	0	0	0	0
0	0	0	2764.5	0	1	0	0	0	0	0	0	0	0
0	0	600	2764.5	0	1	0	0	0	0	0	0	0	0
0	0	600	2387	0	3	0	0	0	0	0	0	0	0
0	0	0	0	0	0	0	0	0	0	0	0	0	0
D417	1	600	3142	0	1	0	0	0	D417D1	600	3192	0	4
0	0	600	2764.5	0	1	0	0	0	0	0	0	0	0
0	0	0	2764.5	0	1	0	0	0	0	0	0	0	0
0	0	0	3358.5	0	1	0	0	0	0	0	0	0	0
0	0	600	3358.5	0	1	0	0	0	0	0	0	0	0
0	0	600	3242	0	3	0	0	0	0	0	0	0	0
0	0	0	0	0	0	0	0	0	0	0	0	0	0
D416	1	600	3475	0	1	0	0	0	D416D1	600	3525	0	4
0	0	600	3358.5	0	1	0	0	0	0	0	0	0	0
0	0	0	3358.5	0	1	0	0	0	0	0	0	0	0
0	0	0	4205	0	1	0	0	0	0	0	0	0	0
0	0	600	4205	0	1	0	0	0	0	0	0	0	0
0	0	600	3575	0	3	0	0	0	0	0	0	0	0
0	0	0	0	0	0	0	0	0	0	0	0	0	0
D414	1	600	4835	0	1	0	0	0	D414D1	600	4885	0	4
0	0	600	4205	0	1	0	0	0	0	0	0	0	0
0	0	0	4205	0	1	0	0	0	0	0	0	0	0
0	0	0	5505	0	1	0	0	0	0	0	0	0	0
0	0	600	5505	0	1	0	0	0	0	0	0	0	0
0	0	600	4935	0	3	0	0	0	0	0	0	0	0
0	0	0	0	0	0	0	0	0	0	0	0	0	0
D412	1	600	7379	0	1	0	0	0	D412D1	600	7429	0	4
0	0	600	6777	0	1	0	0	0	0	0	0	0	0
0	0	0	6777	0	1	0	0	0	0	0	0	0	0
0	0	0	7827.5	0	1	0	0	0	0	0	0	0	0
0	0	600	7827.5	0	1	0	0	0	0	0	0	0	0
0	0	600	7479	0	3	0	0	0	0	0	0	0	0
0	0	0	0	0	0	0	0	0	0	0	0	0	0
D410	1	600	8176	0	1	0	0	0	D410D1	600	8226	0	4
0	0	600	7827.5	0	1	0	0	0	0	0	0	0	0
0	0	0	7827.5	0	1	0	0	0	0	0	0	0	0
0	0	0	8393.5	0	1	0	0	0	0	0	0	0	0
0	0	600	8393.5	0	1	0	0	0	0	0	0	0	0
0	0	600	8276	0	3	0	0	0	0	0	0	0	0
0	0	0	0	0	0	0	0	0	0	0	0	0	0
D408	1	600	8511	0	1	0	0	0	D408D1	600	8561	0	4
0	0	600	8393.5	0	1	0	0	0	0	0	0	0	0
0	0	0	8393.5	0	1	0	0	0	0	0	0	0	0
0	0	0	9234.5	0	1	0	0	0	0	0	0	0	0
0	0	600	9234.5	0	1	0	0	0	0	0	0	0	0
0	0	600	8611	0	3	0	0	0	0	0	0	0	0
0	0	0	0	0	0	0	0	0	0	0	0	0	0
D406	1	600	9858	0	1	0	0	0	D406D1	600	9908	0	4
0	0	600	9234.5	0	1	0	0	0	0	0	0	0	0
0	0	0	9234.5	0	1	0	0	0	0	0	0	0	0
0	0	0	10075.5	0	1	0	0	0	0	0	0	0	0
0	0	600	10075.5	0	1	0	0	0	0	0	0	0	0
0	0	600	9958	0	3	0	0	0	0	0	0	0	0
0	0	0	0	0	0	0	0	0	0	0	0	0	0
D404	1	600	10193	0	1	0	0	0	D404D1	600	10243	0	4
0	0	600	10075.5	0	1	0	0	0	0	0	0	0	0
0	0	0	10075.5	0	1	0	0	0	0	0	0	0	0
0	0	0	10910.5	0	1	0	0	0	0	0	0	0	0
0	0	600	10910.5	0	1	0	0	0	0	0	0	0	0
0	0	600	10293	0	3	0	0	0	0	0	0	0	0
0	0	0	0	0	0	0	0	0	0	0	0	0	0
D402	1	600	11538	0	1	0	0	0	D402D1	600	11578	0	4
0	0	600	10910.5	0	1	0	0	0	0	0	0	0	0
0	0	0	10910.5	0	1	0	0	0	0	0	0	0	0
0	0	0	11696	0	1	0	0	0	0	0	0	0	0
0	0	600	11696	0	1	0	0	0	0	0	0	0	0
0	0	600	11638	0	3	0	0	0	0	0	0	0	0
0	0	0	0	0	0	0	0	0	0	0	0	0	0
D415	1	834	3165	0	1	0	0	0	D415D1	834	3115	0	4
0	0	834	3794.8	0	1	0	0	0	0	0	0	0	0
0	0	1434	3794.8	0	1	0	0	0	0	0	0	0	0
0	0	1434	2764.5	0	1	0	0	0	0	0	0	0	0
0	0	834	2764.5	0	1	0	0	0	0	0	0	0	0
0	0	834	3065	0	3	0	0	0	0	0	0	0	0
0	0	0	0	0	0	0	0	0	0	0	0	0	0
D413	1	834	4525	0	1	0	0	0	D413D1	834	4475	0	4
0	0	834	4630.3	0	1	0	0	0	0	0	0	0	0
0	0	1434	4630.3	0	1	0	0	0	0	0	0	0	0
0	0	1434	3794.8	0	1	0	0	0	0	0	0	0	0
0	0	834	3794.8	0	1	0	0	0	0	0	0	0	0
0	0	834	4425	0	3	0	0	0	0	0	0	0	0
0	0	0	0	0	0	0	0	0	0	0	0	0	0
D411	1	834	4838	0	1	0	0	0	D411D1	834	4788	0	4
0	0	834	5662.3	0	1	0	0	0	0	0	0	0	0
0	0	1434	5662.3	0	1	0	0	0	0	0	0	0	0
0	0	1434	4630.3	0	1	0	0	0	0	0	0	0	0
0	0	834	4630.3	0	1	0	0	0	0	0	0	0	0
0	0	834	4738	0	3	0	0	0	0	0	0	0	0
0	0	0	0	0	0	0	0	0	0	0	0	0	0
D409	1	834	7153	0	1	0	0	0	D409D1	834	7103	0	4
0	0	834	7544.6	0	1	0	0	0	0	0	0	0	0
0	0	1434	7544.6	0	1	0	0	0	0	0	0	0	0
0	0	1434	6734	0	1	0	0	0	0	0	0	0	0
0	0	834	6734	0	1	0	0	0	0	0	0	0	0
0	0	834	7053	0	3	0	0	0	0	0	0	0	0
0	0	0	0	0	0	0	0	0	0	0	0	0	0
D407	1	834	8032	0	1	0	0	0	D407D1	834	7982	0	4
0	0	834	8379.8	0	1	0	0	0	0	0	0	0	0
0	0	1434	8379.8	0	1	0	0	0	0	0	0	0	0
0	0	1434	7544.6	0	1	0	0	0	0	0	0	0	0
0	0	834	7544.6	0	1	0	0	0	0	0	0	0	0
0	0	834	7932	0	3	0	0	0	0	0	0	0	0
0	0	0	0	0	0	0	0	0	0	0	0	0	0
D405	1	834	8829	0	1	0	0	0	D405D1	834	8779	0	4
0	0	834	8937.5	0	1	0	0	0	0	0	0	0	0
0	0	1434	8937.5	0	1	0	0	0	0	0	0	0	0
0	0	1434	8379.8	0	1	0	0	0	0	0	0	0	0
0	0	834	8379.8	0	1	0	0	0	0	0	0	0	0
0	0	834	8729	0	3	0	0	0	0	0	0	0	0
0	0	0	0	0	0	0	0	0	0	0	0	0	0
D403	1	834	9144	0	1	0	0	0	D403D1	834	9094	0	4
0	0	834	9784.8	0	1	0	0	0	0	0	0	0	0
0	0	1434	9784.8	0	1	0	0	0	0	0	0	0	0
0	0	1434	8937.5	0	1	0	0	0	0	0	0	0	0
0	0	834	8937.5	0	1	0	0	0	0	0	0	0	0
0	0	834	9044	0	3	0	0	0	0	0	0	0	0
0	0	0	0	0	0	0	0	0	0	0	0	0	0
D401	1	834	10513	0	1	0	0	0	D401D1	834	10463	0	4
0	0	834	10925	0	1	0	0	0	0	0	0	0	0
0	0	1434	10925	0	1	0	0	0	0	0	0	0	0
0	0	1434	9784.8	0	1	0	0	0	0	0	0	0	0
0	0	834	9784.8	0	1	0	0	0	0	0	0	0	0
0	0	834	10413	0	3	0	0	0	0	0	0	0	0
0	0	0	0	0	0	0	0	0	0	0	0	0	0
D4C12	2	1925.3	6164	0	1	0	0	0	C4P14	1925.3	6564	0	4
0	0	1925.3	6734	0	1	0	0	0	C4P16	4585.3	6449	0	4
0	0	4585.3	6734	0	1	0	0	0	0	0	0	0	0
0	0	4585.3	6164	0	1	0	0	0	0	0	0	0	0
0	0	0	0	0	0	0	0	0	0	0	0	0	0
D4E11	1	1925.3	6164	0	1	0	0	0	0	0	0	0	0
0	0	1925.3	6484	0	3	0	0	0	0	0	0	0	0
0	0	1925.3	6644	0	1	0	0	0	0	0	0	0	0
0	0	1925.3	6734	0	1	0	0	0	0	0	0	0	0
0	0	4585.3	6734	0	3	0	0	0	0	0	0	0	0
0	0	4585.3	6164	0	1	0	0	0	0	0	0	0	0
0	0	0	0	0	0	0	0	0	0	0	0	0	0
D4C13	2	4585.3	6164	0	1	0	0	0	C4P15	4705.3	6734	0	4
0	0	4585.3	6734	0	1	0	0	0	C4P05	4705.3	6164	0	4
0	0	4825.3	6734	0	1	0	0	0	C4P16	4585.3	6449	0	4
0	0	4825.3	6164	0	1	0	0	0	C4P17	4825.3	6449	0	4
0	0	0	0	0	0	0	0	0	0	0	0	0	0
D4C14	2	4825.3	6734	0	1	0	0	0	C4P17	4825.3	6449	0	4
0	0	8255.3	6734	0	3	0	0	0	B4P13	5900.3	6734	0	4
0	0	8255.3	6164	0	1	0	0	0	B4P12	7155.3	6734	0	4
0	0	4825.3	6164	0	3	0	0	0	B4P05	8255.3	6459	0	4
0	0	0	0	0	0	0	0	0	0	0	0	0	0
D4E12	1	4825.3	6734	0	1	0	0	0	0	0	0	0	0
0	0	5820.3	6734	0	3	0	0	0	0	0	0	0	0
0	0	5980.3	6734	0	1	0	0	0	0	0	0	0	0
0	0	7075.3	6734	0	3	0	0	0	0	0	0	0	0
0	0	7235.3	6734	0	1	0	0	0	0	0	0	0	0
0	0	8255.3	6734	0	3	0	0	0	0	0	0	0	0
0	0	8255.3	6164	0	1	0	0	0	0	0	0	0	0
0	0	4825.3	6164	0	3	0	0	0	0	0	0	0	0
0	0	0	0	0	0	0	0	0	0	0	0	0	0
D4E1	1	834	2764.5	0	1	0	0	0	0	0	0	0	0
0	0	834	1376	0	1	0	0	0	0	0	0	0	0
0	0	1184.3	1376	0	1	0	0	0	0	0	0	0	0
0	0	1184.3	806	0	1	0	0	0	0	0	0	0	0
0	0	834	806	0	1	0	0	0	0	0	0	0	0
0	0	834	273	0	1	0	0	0	0	0	0	0	0
0	0	1184.3	273	0	1	0	0	0	0	0	0	0	0
0	0	1184.3	0	0	1	0	0	0	0	0	0	0	0
0	0	600	0	0	3	0	0	0	0	0	0	0	0
0	0	0	0	0	0	0	0	0	0	0	0	0	0
D4E2	1	0	5505	0	1	0	0	0	0	0	0	0	0
0	0	0	6777	0	1	0	0	0	0	0	0	0	0
0	0	600	6777	0	1	0	0	0	0	0	0	0	0
0	0	600	5505	0	1	0	0	0	0	0	0	0	0
0	0	0	0	0	0	0	0	0	0	0	0	0	0
D4E3	1	834	6734	0	1	0	0	0	0	0	0	0	0
0	0	1925.3	6734	0	3	0	0	0	0	0	0	0	0
0	0	1925.3	6163.3	0	3	0	0	0	0	0	0	0	0
0	0	1467.3	6163.3	0	1	0	0	0	0	0	0	0	0
0	0	1467.3	5662.3	0	1	0	0	0	0	0	0	0	0
0	0	834	5662.3	0	3	0	0	0	0	0	0	0	0
0	0	0	0	0	0	0	0	0	0	0	0	0	0
D4E4	1	834	10925	0	1	0	0	0	0	0	0	0	0
0	0	834	11175	0	1	0	0	0	0	0	0	0	0
0	0	1881.3	11175	0	1	0	0	0	0	0	0	0	0
0	0	1881.3	10925	0	1	0	0	0	0	0	0	0	0
0	0	0	0	0	0	0	0	0	0	0	0	0	0
D4E5	1	600	11696	0	1	0	0	0	0	0	0	0	0
0	0	1881.3	11696	0	1	0	0	0	0	0	0	0	0
0	0	1881.3	11634	0	3	0	0	0	0	0	0	0	0
0	0	1881.3	11369	0	1	0	0	0	0	0	0	0	0
0	0	1881.3	11175	0	1	0	0	0	0	0	0	0	0
0	0	834	11175	0	3	0	0	0	0	0	0	0	0
0	0	0	0	0	0	0	0	0	0	0	0	0	0
C4C11	2	1881.3	11369	0	1	0	0	0	C4P13	1881.3	11501.5	0	4
0	0	1881.3	11634	0	1	0	0	0	C4P08	3930.3	11501.5	0	4
0	0	3930.3	11634	0	1	0	0	0	C4P09	2980.3	11369	0	4
0	0	3930.3	11369	0	1	0	0	0	0	0	0	0	0
0	0	0	0	0	0	0	0	0	0	0	0	0	0
C4E12	1	1881.3	11369	0	1	0	0	0	0	0	0	0	0
0	0	1881.3	11421.5	0	3	0	0	0	0	0	0	0	0
0	0	1881.3	11581.5	0	1	0	0	0	0	0	0	0	0
0	0	1881.3	11634	0	1	0	0	0	0	0	0	0	0
0	0	3930.3	11634	0	1	0	0	0	0	0	0	0	0
0	0	3930.3	11581.5	0	3	0	0	0	0	0	0	0	0
0	0	3930.3	11421.5	0	1	0	0	0	0	0	0	0	0
0	0	3930.3	11369	0	1	0	0	0	0	0	0	0	0
0	0	3360.3	11369	0	3	0	0	0	0	0	0	0	0
0	0	2600.3	11369	0	1	0	0	0	0	0	0	0	0
0	0	0	0	0	0	0	0	0	0	0	0	0	0
D4C1	2	834	0	0	1	0	0	0	D4P01	834	118.5	0	4
0	0	834	273	0	1	0	0	0	0	0	0	0	0
0	0	1184	273	0	1	0	0	0	0	0	0	0	0
0	0	1184	0	0	1	0	0	0	0	0	0	0	0
0	0	0	0	0	0	0	0	0	0	0	0	0	0
D4C2	2	600	273	0	1	0	0	0	D4P10	717.3	237	0	4
0	0	600	797	0	1	0	0	0	D4P11	717.3	797	0	4
0	0	834	797	0	1	0	0	0	0	0	0	0	0
0	0	834	273	0	1	0	0	0	0	0	0	0	0
0	0	0	0	0	0	0	0	0	0	0	0	0	0
D4C9	2	600	1376	0	1	0	0	0	D419D1	600	1500	0	4
0	0	600	5662.3	0	1	0	0	0	D418D1	600	2337	0	4
0	0	834	5662.3	0	1	0	0	0	D417D1	600	3192	0	4
0	0	834	1376	0	1	0	0	0	D416D1	600	3525	0	4
0	0	0	0	0	0	0	0	0	D414D1	600	4885	0	4
0	0	0	0	0	0	0	0	0	D415D1	834	3115	0	4
0	0	0	0	0	0	0	0	0	D413D1	834	4475	0	4
0	0	0	0	0	0	0	0	0	D411D1	834	4788	0	4
0	0	0	0	0	0	0	0	0	D4P12	717.3	1376	0	4
0	0	0	0	0	0	0	0	0	D4P13	717.3	5662.3	0	4
0	0	0	0	0	0	0	0	0	0	0	0	0	0
D4C10	2	600	6734	0	1	0	0	0	D412D1	600	7429	0	4
0	0	600	11175	0	1	0	0	0	D410D1	600	8226	0	4
0	0	834	11175	0	1	0	0	0	D408D1	600	8561	0	4
0	0	834	6734	0	1	0	0	0	D406D1	600	9908	0	4
0	0	0	0	0	0	0	0	0	D404D1	600	10243	0	4
0	0	0	0	0	0	0	0	0	D409D1	834	7103	0	4
0	0	0	0	0	0	0	0	0	D407D1	834	7982	0	4
0	0	0	0	0	0	0	0	0	D405D1	834	8779	0	4
0	0	0	0	0	0	0	0	0	D403D1	834	9094	0	4
0	0	0	0	0	0	0	0	0	D401D1	834	10463	0	4
0	0	0	0	0	0	0	0	0	D4P03	717.3	6734	0	4
0	0	0	0	0	0	0	0	0	D4P14	717.3	11175	0	4
0	0	0	0	0	0	0	0	0	0	0	0	0	0
D4C11	2	600	11175	0	1	0	0	0	D4P14	717.3	11175	0	4
0	0	600	11696	0	1	0	0	0	D4P04	834.3	11435.5	0	4
0	0	834	11696	0	1	0	0	0	D402D1	600	11578	0	4
0	0	834	11175	0	1	0	0	0	0	0	0	0	0
0	0	0	0	0	0	0	0	0	0	0	0	0	0
D4C3	2	834	806	0	1	0	0	0	D4P02	834	1058	0	4
0	0	834	1376	0	1	0	0	0	0	0	0	0	0
0	0	1184.3	1376	0	1	0	0	0	0	0	0	0	0
0	0	1184.3	806	0	1	0	0	0	0	0	0	0	0
0	0	0	0	0	0	0	0	0	0	0	0	0	0
D4C4	2	600	5662.3	0	1	0	0	0	D4P03	717.3	6734	0	4
0	0	600	6734	0	1	0	0	0	D4P05	1467.3	6448.5	0	4
0	0	1467.3	6734	0	1	0	0	0	D4P13	717.3	5662.3	0	4
0	0	1467.3	5662.3	0	1	0	0	0	0	0	0	0	0
0	0	0	0	0	0	0	0	0	0	0	0	0	0
D4C5	2	1467.3	6163.3	0	1	0	0	0	D4P05	1467.3	6448.5	0	4
0	0	1467.3	6734	0	1	0	0	0	D4P06	1743	6163.3	0	4
0	0	1925.3	6734	0	1	0	0	0	C4P14	1925.3	6564	0	4
0	0	1925.3	6163.3	0	1	0	0	0	0	0	0	0	0
0	0	0	0	0	0	0	0	0	0	0	0	0	0
D4C6	2	834	11175	0	1	0	0	0	D4P04	834	11435.5	0	4
0	0	834	11696	0	1	0	0	0	C4P13	1881.3	11501.5	0	4
0	0	1881.3	11696	0	1	0	0	0	0	0	0	0	0
0	0	1881.3	11175	0	1	0	0	0	0	0	0	0	0
0	0	0	0	0	0	0	0	0	0	0	0	0	0
D4S11	3	1823.3	6163.3	0	1	0	0	0	D4P06	1743.3	6163.3	0	4
0	0	1925.3	6163.3	0	1	0	0	0	D4P07	1820.7	5971	0	4
0	0	1925.3	5971	0	3	0	0	0	0	0	0	0	0
0	0	1503.6	5971	0	1	0	0	0	0	0	0	0	0
0	0	1503.6	6163.3	0	1	0	0	0	0	0	0	0	0
0	0	1663.3	6163.3	0	3	0	0	0	0	0	0	0	0
0	0	0	0	0	0	0	0	0	0	0	0	0	0
D4S12	3	1715.2	5580.7	210	1	0	0	0	D4P07	1820.7	5971	0	4
0	0	1715.2	5971	0	3	0	0	0	D4P08	1820.7	5580.7	210	4
0	0	1925.3	5971	0	1	0	0	0	0	0	0	0	0
0	0	1925.3	5580.7	210	3	0	0	0	0	0	0	0	0
0	0	0	0	0	0	0	0	0	0	0	0	0	0
D4S13	3	1503.6	5385.3	210	1	0	0	0	D4P08	1820.7	5580.7	210	4
0	0	1503.6	5580.7	210	3	0	0	0	D4P09	1609.4	5580.7	210	4
0	0	1925.3	5580.7	210	1	0	0	0	0	0	0	0	0
0	0	1925.3	5385.3	210	1	0	0	0	0	0	0	0	0
0	0	0	0	0	0	0	0	0	0	0	0	0	0
D4S14	3	1503.6	5580.7	210	1	0	0	0	D4P09	1609.4	5580.7	210	4
0	0	1503.6	5971	420	3	0	0	0	D5P07	1609.4	5971	420	4
0	0	1715.2	5971	420	1	0	0	0	0	0	0	0	0
0	0	1715.2	5580.7	210	3	0	0	0	0	0	0	0	0
0	0	0	0	0	0	0	0	0	0	0	0	0	0
C412	1	4585.3	3944	0	1	0	0	0	C412D1	4585.3	3994	0	4
0	0	4585.3	3844	0	1	0	0	0	C412D2	4585.3	4894	0	4
0	0	3985.3	3844	0	1	0	0	0	0	0	0	0	0
0	0	3985.3	4994	0	1	0	0	0	0	0	0	0	0
0	0	4585.3	4994	0	1	0	0	0	0	0	0	0	0
0	0	4585.3	4944	0	3	0	0	0	0	0	0	0	0
0	0	4585.3	4844	0	1	0	0	0	0	0	0	0	0
0	0	4585.3	3944	0	3	0	0	0	0	0	0	0	0
0	0	0	0	0	0	0	0	0	0	0	0	0	0
C410	1	4585.3	5044	0	1	0	0	0	C410D1	4585.3	5094	0	4
0	0	4585.3	4994	0	1	0	0	0	C410D2	4585.3	6014	0	4
0	0	3985.3	4994	0	1	0	0	0	0	0	0	0	0
0	0	3985.3	6164	0	1	0	0	0	0	0	0	0	0
0	0	4585.3	6164	0	1	0	0	0	0	0	0	0	0
0	0	4585.3	6064	0	3	0	0	0	0	0	0	0	0
0	0	4585.3	5964	0	1	0	0	0	0	0	0	0	0
0	0	4585.3	5144	0	3	0	0	0	0	0	0	0	0
0	0	0	0	0	0	0	0	0	0	0	0	0	0
C408	1	4585.3	6944	0	1	0	0	0	C408D1	4585.3	6994	0	4
0	0	4585.3	6734	0	1	0	0	0	C408D2	4585.3	7894	0	4
0	0	3985.3	6734	0	1	0	0	0	0	0	0	0	0
0	0	3985.3	8000.2	0	1	0	0	0	0	0	0	0	0
0	0	4585.3	8000.2	0	1	0	0	0	0	0	0	0	0
0	0	4585.3	7944	0	3	0	0	0	0	0	0	0	0
0	0	4585.3	7844	0	1	0	0	0	0	0	0	0	0
0	0	4585.3	7044	0	3	0	0	0	0	0	0	0	0
0	0	0	0	0	0	0	0	0	0	0	0	0	0
C406	1	4585.3	8049	0	1	0	0	0	C406D1	4585.3	8099	0	4
0	0	4585.3	8000.2	0	1	0	0	0	C406D2	4585.3	9009	0	4
0	0	3985.3	8000.2	0	1	0	0	0	0	0	0	0	0
0	0	3985.3	9108.6	0	1	0	0	0	0	0	0	0	0
0	0	4585.3	9108.6	0	1	0	0	0	0	0	0	0	0
0	0	4585.3	9059	0	3	0	0	0	0	0	0	0	0
0	0	4585.3	8959	0	1	0	0	0	0	0	0	0	0
0	0	4585.3	8149	0	3	0	0	0	0	0	0	0	0
0	0	0	0	0	0	0	0	0	0	0	0	0	0
C404	1	4585.3	9164	0	1	0	0	0	C404D1	4585.3	9214	0	4
0	0	4585.3	9108.6	0	1	0	0	0	C404D2	4585.3	10124	0	4
0	0	3985.3	9108.6	0	1	0	0	0	0	0	0	0	0
0	0	3985.3	10228.5	0	1	0	0	0	0	0	0	0	0
0	0	4585.3	10228.5	0	1	0	0	0	0	0	0	0	0
0	0	4585.3	10174	0	3	0	0	0	0	0	0	0	0
0	0	4585.3	10074	0	1	0	0	0	0	0	0	0	0
0	0	4585.3	9264	0	3	0	0	0	0	0	0	0	0
0	0	0	0	0	0	0	0	0	0	0	0	0	0
C402	1	4585.3	10279	0	1	0	0	0	C402D1	4585.3	10329	0	4
0	0	4585.3	10228.5	0	1	0	0	0	C402D2	4585.3	11239	0	4
0	0	3985.3	10228.5	0	1	0	0	0	0	0	0	0	0
0	0	3985.3	11369	0	1	0	0	0	0	0	0	0	0
0	0	4585.3	11369	0	1	0	0	0	0	0	0	0	0
0	0	4585.3	11289	0	3	0	0	0	0	0	0	0	0
0	0	4585.3	11189	0	1	0	0	0	0	0	0	0	0
0	0	4585.3	10379	0	3	0	0	0	0	0	0	0	0
0	0	0	0	0	0	0	0	0	0	0	0	0	0
C411	1	4825.3	4944	0	1	0	0	0	C411D1	4825.3	4894	0	4
0	0	4825.3	4994	0	1	0	0	0	0	0	0	0	0
0	0	5425.3	4994	0	1	0	0	0	0	0	0	0	0
0	0	5425.3	4449.5	0	1	0	0	0	0	0	0	0	0
0	0	4825.3	4449.5	0	1	0	0	0	0	0	0	0	0
0	0	4825.3	4844	0	3	0	0	0	0	0	0	0	0
0	0	0	0	0	0	0	0	0	0	0	0	0	0
C409	1	4825.3	5044	0	1	0	0	0	C409D1	4825.3	5094	0	4
0	0	4825.3	4994	0	1	0	0	0	C409D2	4825.3	6014	0	4
0	0	5425.3	4994	0	1	0	0	0	0	0	0	0	0
0	0	5425.3	6164	0	1	0	0	0	0	0	0	0	0
0	0	4825.3	6164	0	1	0	0	0	0	0	0	0	0
0	0	4825.3	6064	0	3	0	0	0	0	0	0	0	0
0	0	4825.3	5964	0	1	0	0	0	0	0	0	0	0
0	0	4825.3	5144	0	3	0	0	0	0	0	0	0	0
0	0	0	0	0	0	0	0	0	0	0	0	0	0
C407	1	4825.3	6944	0	1	0	0	0	C407D1	4825.3	6994	0	4
0	0	4825.3	6734	0	1	0	0	0	C407D2	4825.3	7894	0	4
0	0	5425.3	6734	0	1	0	0	0	0	0	0	0	0
0	0	5425.3	8000.2	0	1	0	0	0	0	0	0	0	0
0	0	4825.3	8000.2	0	1	0	0	0	0	0	0	0	0
0	0	4825.3	7944	0	3	0	0	0	0	0	0	0	0
0	0	4825.3	7844	0	1	0	0	0	0	0	0	0	0
0	0	4825.3	7044	0	3	0	0	0	0	0	0	0	0
0	0	0	0	0	0	0	0	0	0	0	0	0	0
C405	1	4825.3	8049	0	1	0	0	0	C405D1	4825.3	8099	0	4
0	0	4825.3	8000.2	0	1	0	0	0	C405D2	4825.3	9009	0	4
0	0	5425.3	8000.2	0	1	0	0	0	0	0	0	0	0
0	0	5425.3	9108.6	0	1	0	0	0	0	0	0	0	0
0	0	4825.3	9108.6	0	1	0	0	0	0	0	0	0	0
0	0	4825.3	9059	0	3	0	0	0	0	0	0	0	0
0	0	4825.3	8959	0	1	0	0	0	0	0	0	0	0
0	0	4825.3	8149	0	3	0	0	0	0	0	0	0	0
0	0	0	0	0	0	0	0	0	0	0	0	0	0
C403	1	4825.3	9164	0	1	0	0	0	C403D1	4825.3	9214	0	4
0	0	4825.3	9108.6	0	1	0	0	0	C403D2	4825.3	10124	0	4
0	0	5425.3	9108.6	0	1	0	0	0	0	0	0	0	0
0	0	5425.3	10228.5	0	1	0	0	0	0	0	0	0	0
0	0	4825.3	10228.5	0	1	0	0	0	0	0	0	0	0
0	0	4825.3	10174	0	3	0	0	0	0	0	0	0	0
0	0	4825.3	10074	0	1	0	0	0	0	0	0	0	0
0	0	4825.3	9264	0	3	0	0	0	0	0	0	0	0
0	0	0	0	0	0	0	0	0	0	0	0	0	0
C401	1	4825.3	10279	0	1	0	0	0	C401D1	4825.3	10329	0	4
0	0	4825.3	10228.5	0	1	0	0	0	C401D2	4825.3	11239	0	4
0	0	5425.3	10228.5	0	1	0	0	0	0	0	0	0	0
0	0	5425.3	11064	0	1	0	0	0	0	0	0	0	0
0	0	5354.7	11064	0	1	0	0	0	0	0	0	0	0
0	0	5354.7	11369	0	1	0	0	0	0	0	0	0	0
0	0	4825.3	11369	0	1	0	0	0	0	0	0	0	0
0	0	4825.3	11289	0	3	0	0	0	0	0	0	0	0
0	0	4825.3	11189	0	1	0	0	0	0	0	0	0	0
0	0	4825.3	10379	0	3	0	0	0	0	0	0	0	0
0	0	0	0	0	0	0	0	0	0	0	0	0	0
C4C1	2	4585.3	3470.8	0	1	0	0	0	C412D1	4585.3	3994	0	4
0	0	3985.3	6164	0	1	0	0	0	C412D2	4585.3	4894	0	4
0	0	4825.3	6164	0	1	0	0	0	C410D1	4585.3	5094	0	4
0	0	4825.3	3684	0	1	0	0	0	C410D2	4585.3	6014	0	4
0	0	0	0	0	0	0	0	0	C4P01	4585.3	3694	0	4
0	0	0	0	0	0	0	0	0	C409D1	4825.3	5094	0	4
0	0	0	0	0	0	0	0	0	C409D2	4825.3	6014	0	4
0	0	0	0	0	0	0	0	0	C411D1	4825.3	4894	0	4
0	0	0	0	0	0	0	0	0	C4P05	4705.3	6164	0	4
0	0	0	0	0	0	0	0	0	0	0	0	0	0
C4C3	2	4585.3	6734	0	0	0	0	0	C404D1	4585.3	9214	0	4
0	0	4585.3	11369	0	0	0	0	0	C404D2	4585.3	10124	0	4
0	0	4825.3	11369	0	0	0	0	0	C402D1	4585.3	10329	0	4
0	0	4825.3	6734	0	0	0	0	0	C402D2	4585.3	11239	0	4
0	0	0	0	0	0	0	0	0	C406D1	4585.3	8099	0	4
0	0	0	0	0	0	0	0	0	C406D2	4585.3	9009	0	4
0	0	0	0	0	0	0	0	0	C407D1	4825.3	6994	0	4
0	0	0	0	0	0	0	0	0	C407D2	4825.3	7894	0	4
0	0	0	0	0	0	0	0	0	C405D1	4825.3	8099	0	4
0	0	0	0	0	0	0	0	0	C405D2	4825.3	9009	0	4
0	0	0	0	0	0	0	0	0	C403D1	4825.3	9214	0	4
0	0	0	0	0	0	0	0	0	C403D2	4825.3	10124	0	4
0	0	0	0	0	0	0	0	0	C401D1	4825.3	10329	0	4
0	0	0	0	0	0	0	0	0	C401D2	4825.3	11239	0	4
0	0	0	0	0	0	0	0	0	C408D1	4585.3	6994	0	4
0	0	0	0	0	0	0	0	0	C408D2	4585.3	7894	0	4
0	0	0	0	0	0	0	0	0	C4P06	4705.3	11369	0	4
0	0	0	0	0	0	0	0	0	C4P15	4705.3	6734	0	4
0	0	0	0	0	0	0	0	0	0	0	0	0	0
C4E2	1	4825.3	4449.5	0	1	0	0	0	0	0	0	0	0
0	0	4825.3	4244	0	1	0	0	0	0	0	0	0	0
0	0	5015.3	4244	0	1	0	0	0	0	0	0	0	0
0	0	5015.3	4114	0	1	0	0	0	0	0	0	0	0
0	0	4825.3	4114	0	1	0	0	0	0	0	0	0	0
0	0	4825.3	3684	0	1	0	0	0	0	0	0	0	0
0	0	4585.3	3470.8	0	1	0	0	0	0	0	0	0	0
0	0	4585.3	3544	0	3	0	0	0	0	0	0	0	0
0	0	0	0	0	0	0	0	0	0	0	0	0	0
C4S11	3	4585.3	3544	0	1	0	0	0	C4P01	4585.3	3694	0	4
0	0	4425.3	3544	0	3	0	0	0	C4P02	4425.3	3619	0	4
0	0	4425.3	3844	0	1	0	0	0	0	0	0	0	0
0	0	4585.3	3844	0	1	0	0	0	0	0	0	0	0
0	0	4585.3	3774	0	3	0	0	0	0	0	0	0	0
0	0	4585.3	3614	0	1	0	0	0	0	0	0	0	0
0	0	0	0	0	0	0	0	0	0	0	0	0	0
C4S12	3	4425.3	3544	0	1	0	0	0	C4P02	4425.3	3619	0	4
0	0	4005.3	3544	210	3	0	0	0	C4P03	4005.3	3619	210	4
0	0	4005.3	3694	210	1	0	0	0	0	0	0	0	0
0	0	4425.3	3694	0	3	0	0	0	0	0	0	0	0
0	0	0	0	0	0	0	0	0	0	0	0	0	0
C4S13	3	4005.3	3544	210	1	0	0	0	C4P03	4005.3	3619	210	4
0	0	3845.3	3544	210	1	0	0	0	C4P04	4005.3	3769	210	4
0	0	3845.3	3844	210	1	0	0	0	0	0	0	0	0
0	0	4005.3	3844	210	3	0	0	0	0	0	0	0	0
0	0	0	0	0	0	0	0	0	0	0	0	0	0
C4S14	3	4005.3	3694	210	3	0	0	0	C4P04	4005.3	3769	210	4
0	0	4005.3	3844	210	1	0	0	0	C5P02	4425.3	3769	420	4
0	0	4425.3	3844	420	3	0	0	0	0	0	0	0	0
0	0	4425.3	3694	420	1	0	0	0	0	0	0	0	0
0	0	0	0	0	0	0	0	0	0	0	0	0	0
D4S21	3	2780.3	11369	0	1	0	0	0	C4P09	2980.3	11369	0	4
0	0	2780.3	10949	210	3	0	0	0	C4P10	2980.3	10949	210	4
0	0	3180.3	10949	210	1	0	0	0	0	0	0	0	0
0	0	3180.3	11369	0	3	0	0	0	0	0	0	0	0
0	0	0	0	0	0	0	0	0	0	0	0	0	0
D4S22	3	2600.3	10949	210	3	0	0	0	C4P10	2980.3	10949	210	4
0	0	3360.3	10949	210	1	0	0	0	C4P11	2690.3	10949	210	4
0	0	3360.3	10699	210	1	0	0	0	C4P12	3270.3	10949	210	4
0	0	2600.3	10699	210	1	0	0	0	0	0	0	0	0
0	0	0	0	0	0	0	0	0	0	0	0	0	0
D4S23	3	2600.3	10949	210	1	0	0	0	C4P11	2690.3	10949	210	4
0	0	2600.3	11369	420	3	0	0	0	C4P12	3270.3	10949	210	4
0	0	2780.3	11369	420	1	0	0	0	C5P07	2690.3	11369	420	4
0	0	2780.3	10949	210	3	0	0	0	C5P06	3270.3	11369	420	4
0	0	3180.3	10949	210	1	0	0	0	0	0	0	0	0
0	0	3180.3	11369	420	3	0	0	0	0	0	0	0	0
0	0	3360.3	11369	420	1	0	0	0	0	0	0	0	0
0	0	3360.3	10949	210	3	0	0	0	0	0	0	0	0
0	0	0	0	0	0	0	0	0	0	0	0	0	0
C4S21	3	5820.3	6734	0	1	0	0	0	B4P13	5900.3	6734	0	4
0	0	5780.3	6734	0	1	0	0	0	B4P14	6050.3	6866.5	0	4
0	0	5780.3	7264	0	1	0	0	0	0	0	0	0	0
0	0	6050.3	7264	0	3	0	0	0	0	0	0	0	0
0	0	6050.3	6734	0	1	0	0	0	0	0	0	0	0
0	0	5980.3	6734	0	3	0	0	0	0	0	0	0	0
0	0	0	0	0	0	0	0	0	0	0	0	0	0
C4S22	3	7075.3	6734	0	1	0	0	0	B4P12	7155.3	6734	0	4
0	0	7005.3	6734	0	3	0	0	0	B4P15	7005.3	6866.5	0	4
0	0	7005.3	7264	0	1	0	0	0	0	0	0	0	0
0	0	7275.3	7264	0	1	0	0	0	0	0	0	0	0
0	0	7275.3	6734	0	1	0	0	0	0	0	0	0	0
0	0	7235.3	6734	0	3	0	0	0	0	0	0	0	0
0	0	0	0	0	0	0	0	0	0	0	0	0	0
C4S23	3	6050.3	6734	0	1	0	0	0	B4P14	6050.3	6866.5	0	4
0	0	6470.3	6734	210	3	0	0	0	B4P15	7005.3	6866.5	0	4
0	0	6470.3	6999	210	1	0	0	0	B4P16	6470.3	6866.5	210	4
0	0	6050.3	6999	0	3	0	0	0	B4P17	6585.3	6866.5	210	4
0	0	6585.3	6734	210	1	0	0	0	0	0	0	0	0
0	0	7005.3	6734	0	3	0	0	0	0	0	0	0	0
0	0	6585.3	6999	210	1	0	0	0	0	0	0	0	0
0	0	7005.3	6999	0	3	0	0	0	0	0	0	0	0
0	0	0	0	0	0	0	0	0	0	0	0	0	0
C4S25	3	6050.3	7264	420	1	0	0	0	B4P18	6470.3	7131.5	210	4
0	0	6470.3	7264	210	3	0	0	0	B4P19	6585.3	7131.5	210	4
0	0	6470.3	6999	210	1	0	0	0	B5P11	6050.3	7131.5	420	4
0	0	6050.3	6999	420	3	0	0	0	B5P12	7005.3	7131.5	420	4
0	0	6585.3	7264	210	1	0	0	0	0	0	0	0	0
0	0	7005.3	7264	420	3	0	0	0	0	0	0	0	0
0	0	6585.3	6999	210	1	0	0	0	0	0	0	0	0
0	0	7005.3	6999	420	3	0	0	0	0	0	0	0	0
0	0	0	0	0	0	0	0	0	0	0	0	0	0
C4S24	3	6470.3	6734	210	1	0	0	0	B4P16	6470.3	6866.5	210	4
0	0	6585.3	6734	210	3	0	0	0	B4P17	6585.3	6866.5	210	4
0	0	6585.3	7264	210	1	0	0	0	B4P18	6470.3	7131.5	210	4
0	0	6470.3	7264	210	3	0	0	0	B4P19	6585.3	7131.5	210	4
0	0	0	0	0	0	0	0	0	0	0	0	0	0
D4C7	2	600	0	0	1	0	0	0	D4P01	834.3	118.5	0	4
0	0	600	273	0	1	0	0	0	D4P10	717.3	237	0	4
0	0	834.3	273	0	1	0	0	0	D420D1	600	112	0	4
0	0	834.3	0	0	1	0	0	0	0	0	0	0	0
0	0	0	0	0	0	0	0	0	0	0	0	0	0
D4C8	2	600	797	0	1	0	0	0	D4P11	717.3	797	0	4
0	0	600	1376	0	1	0	0	0	D4P12	717.3	1376	0	4
0	0	834	1376	0	1	0	0	0	D4P02	834.3	1058	0	4
0	0	834	797	0	1	0	0	0	0	0	0	0	0
0	0	0	0	0	0	0	0	0	0	0	0	0	0
C4C4	2	3930.3	11369	0	1	0	0	0	C4P08	3930.3	11501.5	0	4
0	0	3930.3	11879	0	1	0	0	0	C4P18	4585.3	11634	0	4
0	0	4585.3	11879	0	1	0	0	0	0	0	0	0	0
0	0	4585.3	11369	0	1	0	0	0	0	0	0	0	0
0	0	0	0	0	0	0	0	0	0	0	0	0	0
C4E13	1	3930.3	11634	0	1	0	0	0	0	0	0	0	0
0	0	3930.3	11879	0	1	0	0	0	0	0	0	0	0
0	0	4585.3	11879	0	3	0	0	0	0	0	0	0	0
0	0	4585.3	11369	0	3	0	0	0	0	0	0	0	0
0	0	0	0	0	0	0	0	0	0	0	0	0	0
C4C2	2	4585.3	11369	0	1	0	0	0	C4P06	4705.3	11369	0	4
0	0	4585.3	11879	0	1	0	0	0	C4P18	4585.3	11634	0	4
0	0	4825.3	11879	0	1	0	0	0	C4P19	4825.3	11634	0	4
0	0	4825.3	11369	0	1	0	0	0	0	0	0	0	0
0	0	0	0	0	0	0	0	0	0	0	0	0	0
C4E11	1	4585.3	11369	0	3	0	0	0	0	0	0	0	0
0	0	4585.3	11879	0	1	0	0	0	0	0	0	0	0
0	0	4825.3	11879	0	3	0	0	0	0	0	0	0	0
0	0	4825.3	11369	0	3	0	0	0	0	0	0	0	0
0	0	0	0	0	0	0	0	0	0	0	0	0	0
C4C5	2	4825.3	11369	0	1	0	0	0	C4P07	5445	11421.5	0	4
0	0	5535.3	11369	0	1	0	0	0	C4P19	4825.3	11634	0	4
0	0	5535.3	11879	0	1	0	0	0	0	0	0	0	0
0	0	4825.3	11879	0	1	0	0	0	0	0	0	0	0
0	0	0	0	0	0	0	0	0	0	0	0	0	0
C4E14	1	4825.3	11879	0	1	0	0	0	0	0	0	0	0
0	0	5535.3	11879	0	1	0	0	0	0	0	0	0	0
0	0	5535.3	11474	0	3	0	0	0	0	0	0	0	0
0	0	0	0	0	0	0	0	0	0	0	0	0	0	
A601	1	11282.5	11410.7	495	1	0	0	0	A601D1	11303.7	11365.4	495	5
0	0	11139.6	11717.1	495	1	0	0	0	0	0	0	0	0
0	0	11411.5	11843.9	495	1	0	0	0	0	0	0	0	0
0	0	11626.1	11383.7	495	1	0	0	0	0	0	0	0	0
0	0	11354.2	11256.9	495	1	0	0	0	0	0	0	0	0
0	0	11324.7	11320	495	3	0	0	0	0	0	0	0	0
0	0	0	0	0	0	0	0	0	0	0	0	0	0
A603	1	11440.2	11072.6	495	1	0	0	0	A603D1	11461.3	11027.3	495	5
0	0	11354.2	11256.9	495	1	0	0	0	0	0	0	0	0
0	0	11626.1	11383.7	495	1	0	0	0	0	0	0	0	0
0	0	11770.9	11073.2	495	1	0	0	0	0	0	0	0	0
0	0	11499	10946.4	495	1	0	0	0	0	0	0	0	0
0	0	11482.4	10982	495	3	0	0	0	0	0	0	0	0
0	0	0	0	0	0	0	0	0	0	0	0	0	0
A605	1	11516.2	10909.5	495	1	0	0	0	A605D1	11537.4	10864.2	495	5
0	0	11499	10946.4	495	1	0	0	0	0	0	0	0	0
0	0	11770.9	11073.2	495	1	0	0	0	0	0	0	0	0
0	0	11926.8	10738.8	495	1	0	0	0	0	0	0	0	0
0	0	11654.9	10612	495	1	0	0	0	0	0	0	0	0
0	0	11558.5	10818.9	495	3	0	0	0	0	0	0	0	0
0	0	0	0	0	0	0	0	0	0	0	0	0	0
A607	1	11747	10414.6	495	1	0	0	0	A607D1	11768.1	10369.3	495	5
0	0	11654.9	10612	495	1	0	0	0	0	0	0	0	0
0	0	11926.8	10738.8	495	1	0	0	0	0	0	0	0	0
0	0	12078	10414.5	495	1	0	0	0	0	0	0	0	0
0	0	11806.1	10287.8	495	1	0	0	0	0	0	0	0	0
0	0	11789.2	10334	495	3	0	0	0	0	0	0	0	0
0	0	0	0	0	0	0	0	0	0	0	0	0	0
A609	1	11823.1	10251.5	495	1	0	0	0	A609D1	11844.1	10206.2	495	5
0	0	11806.1	10287.8	495	1	0	0	0	0	0	0	0	0
0	0	12078	10414.5	495	1	0	0	0	0	0	0	0	0
0	0	12231.4	10085.6	495	1	0	0	0	0	0	0	0	0
0	0	11959.6	9958.8	495	1	0	0	0	0	0	0	0	0
0	0	11865.3	10160.9	495	3	0	0	0	0	0	0	0	0
0	0	0	0	0	0	0	0	0	0	0	0	0	0
A611	1	12053.8	9756.7	495	1	0	0	0	A611D1	12074.9	9711.3	495	5
0	0	11959.6	9958.8	495	1	0	0	0	0	0	0	0	0
0	0	12231.4	10085.6	495	1	0	0	0	0	0	0	0	0
0	0	12384.9	9756.6	495	1	0	0	0	0	0	0	0	0
0	0	12113	9629.8	495	1	0	0	0	0	0	0	0	0
0	0	12096.1	9666	495	3	0	0	0	0	0	0	0	0
0	0	0	0	0	0	0	0	0	0	0	0	0	0
A613	1	12129.9	9593.5	495	1	0	0	0	A613D1	12151	9548.2	495	5
0	0	12113	9629.8	495	1	0	0	0	0	0	0	0	0
0	0	12384.9	9756.6	495	1	0	0	0	0	0	0	0	0
0	0	12615.2	9292.6	495	3	0	0	0	0	0	0	0	0
0	0	12343.3	9135.8	495	1	0	0	0	0	0	0	0	0
0	0	12172.1	9502.9	495	3	0	0	0	0	0	0	0	0
0	0	0	0	0	0	0	0	0	0	0	0	0	0
A615	1	12514.5	8768.8	495	1	0	0	0	A615D1	12535.6	8723.5	495	5
0	0	12343.3	9135.8	495	3	0	0	0	0	0	0	0	0
0	0	12615.2	9292.6	495	1	0	0	0	0	0	0	0	0
0	0	12838.1	8784.5	495	1	0	0	0	0	0	0	0	0
0	0	12566.2	8657.8	495	1	0	0	0	0	0	0	0	0
0	0	12556.7	8678.2	495	3	0	0	0	0	0	0	0	0
0	0	0	0	0	0	0	0	0	0	0	0	0	0
A617	1	12575.7	8637.4	495	1	0	0	0	A617D1	12596.9	8592.1	495	5
0	0	12566.2	8657.8	495	1	0	0	0	0	0	0	0	0
0	0	12838.1	8784.5	495	1	0	0	0	0	0	0	0	0
0	0	13058.9	8311	495	3	0	0	0	0	0	0	0	0
0	0	12787	8184.2	495	1	0	0	0	0	0	0	0	0
0	0	12618	8546.7	495	3	0	0	0	0	0	0	0	0
0	0	0	0	0	0	0	0	0	0	0	0	0	0
A619	1	12956.1	7821.7	495	1	0	0	0	A619D1	12977.2	7776.4	495	5
0	0	12787	8184.2	495	3	0	0	0	0	0	0	0	0
0	0	13058.9	8311	495	1	0	0	0	0	0	0	0	0
0	0	13299	7796.2	495	1	0	0	0	0	0	0	0	0
0	0	13027.1	7669.4	495	1	0	0	0	0	0	0	0	0
0	0	12998.4	7731.1	495	3	0	0	0	0	0	0	0	0
0	0	0	0	0	0	0	0	0	0	0	0	0	0
A623	1	13344.1	6989.7	495	1	0	0	0	A623D1	13365.2	6944.4	495	5
0	0	13306	7071.3	495	1	0	0	0	0	0	0	0	0
0	0	13577.9	7198.1	495	1	0	0	0	0	0	0	0	0
0	0	13751.8	6825.1	495	1	0	0	0	0	0	0	0	0
0	0	13479.9	6698.3	495	1	0	0	0	0	0	0	0	0
0	0	13386.3	6899.1	495	3	0	0	0	0	0	0	0	0
0	0	0	0	0	0	0	0	0	0	0	0	0	0
A625	1	13573.5	6497.6	495	1	0	0	0	A625D1	13594.7	6452.3	495	5
0	0	13479.9	6698.3	495	1	0	0	0	0	0	0	0	0
0	0	13751.8	6825.1	495	1	0	0	0	0	0	0	0	0
0	0	13918.3	6468.2	495	1	0	0	0	0	0	0	0	0
0	0	13646.4	6341.4	495	1	0	0	0	0	0	0	0	0
0	0	13615.8	6406.9	495	3	0	0	0	0	0	0	0	0
0	0	0	0	0	0	0	0	0	0	0	0	0	0
A628	1	13522	6187	495	1	0	0	0	A628D1	13503.5	6226.6	495	5
0	0	13362.2	6112.5	495	1	0	0	0	0	0	0	0	0
0	0	13325.3	6191.7	495	1	0	0	0	0	0	0	0	0
0	0	13485	6266.2	495	3	0	0	0	0	0	0	0	0
0	0	0	0	0	0	0	0	0	0	0	0	0	0
A630	1	13646.4	6341.4	495	1	0	0	0	A630D1	13664	6303.5	495	5
0	0	13785.8	6406.4	495	1	0	0	0	0	0	0	0	0
0	0	13822.7	6327.2	495	1	0	0	0	0	0	0	0	0
0	0	13683.3	6262.2	495	3	0	0	0	0	0	0	0	0
0	0	0	0	0	0	0	0	0	0	0	0	0	0
A6C1	1	13027.7	7669.7	495	1	0	0	0	A6P02	13248.7	7430.7	495	5
0	0	13190.2	7745.5	495	1	0	0	0	A6P01	13092.6	7529	495	5
0	0	13321.2	7464.5	495	1	0	0	0	0	0	0	0	0
0	0	13285	7447.6	495	3	0	0	0	0	0	0	0	0
0	0	13212.5	7413.8	495	1	0	0	0	0	0	0	0	0
0	0	13158.1	7388.5	495	3	0	0	0	0	0	0	0	0
0	0	0	0	0	0	0	0	0	0	0	0	0	0
A627	1	13584.2	6053.5	495	1	0	0	0	A627D1	13561.1	6098.8	495	5
0	0	13773.2	5648.2	495	1	0	0	0	0	0	0	0	0
0	0	13501.3	5521.4	495	1	0	0	0	0	0	0	0	0
0	0	13250.1	6060.2	495	1	0	0	0	0	0	0	0	0
0	0	13522	6187	495	1	0	0	0	0	0	0	0	0
0	0	13542	6144.1	495	3	0	0	0	0	0	0	0	0
0	0	0	0	0	0	0	0	0	0	0	0	0	0
A626	1	13454.5	6331.7	495	1	0	0	0	A626D1	13433.3	6377	495	5
0	0	13484.7	6266.2	495	1	0	0	0	0	0	0	0	0
0	0	13213.1	6139.4	495	1	0	0	0	0	0	0	0	0
0	0	13041.8	6506.8	495	1	0	0	0	0	0	0	0	0
0	0	13313.3	6633.9	495	1	0	0	0	0	0	0	0	0
0	0	13412.2	6422.4	495	3	0	0	0	0	0	0	0	0
0	0	0	0	0	0	0	0	0	0	0	0	0	0
A624	1	13225	6823.8	495	1	0	0	0	A624D1	13203.9	6869.2	495	5
0	0	13313.3	6633.9	495	1	0	0	0	0	0	0	0	0
0	0	13041.8	6506.8	495	1	0	0	0	0	0	0	0	0
0	0	12893.9	6824	495	1	0	0	0	0	0	0	0	0
0	0	13165.8	6950.8	495	1	0	0	0	0	0	0	0	0
0	0	13182.7	6914.5	495	3	0	0	0	0	0	0	0	0
0	0	0	0	0	0	0	0	0	0	0	0	0	0
A622	1	13147.2	6990.6	495	1	0	0	0	A622D1	13126.1	7035.9	495	5
0	0	13165.8	6950.8	495	1	0	0	0	0	0	0	0	0
0	0	12893.9	6824	495	1	0	0	0	0	0	0	0	0
0	0	12744.5	7144.4	495	1	0	0	0	0	0	0	0	0
0	0	13016.4	7271.2	495	1	0	0	0	0	0	0	0	0
0	0	13105	7081.2	495	3	0	0	0	0	0	0	0	0
0	0	0	0	0	0	0	0	0	0	0	0	0	0
A621	1	12924.5	7468.2	495	1	0	0	0	A621D1	12903.4	7513.5	495	5
0	0	13016.4	7271.2	495	1	0	0	0	0	0	0	0	0
0	0	12744.5	7144.4	495	1	0	0	0	0	0	0	0	0
0	0	12582	7492.8	495	1	0	0	0	0	0	0	0	0
0	0	12853.9	7619.6	495	1	0	0	0	0	0	0	0	0
0	0	12882.2	7558.9	495	3	0	0	0	0	0	0	0	0
0	0	0	0	0	0	0	0	0	0	0	0	0	0
A620	1	12617.3	8127.1	495	1	0	0	0	A620D1	12596.1	8172.4	495	5
0	0	12765.2	7809.9	495	1	0	0	0	0	0	0	0	0
0	0	12493.3	7683.1	495	1	0	0	0	0	0	0	0	0
0	0	12243.9	8217.8	495	1	0	0	0	0	0	0	0	0
0	0	12515.8	8344.6	495	1	0	0	0	0	0	0	0	0
0	0	12575	8217.7	495	3	0	0	0	0	0	0	0	0
0	0	0	0	0	0	0	0	0	0	0	0	0	0
A618	1	12456.7	8471.5	495	1	0	0	0	A618D1	12435.5	8516.8	495	5
0	0	12515.8	8344.6	495	1	0	0	0	0	0	0	0	0
0	0	12243.9	8217.8	495	1	0	0	0	0	0	0	0	0
0	0	12133	8455.8	495	1	0	0	0	0	0	0	0	0
0	0	12404.9	8582.5	495	1	0	0	0	0	0	0	0	0
0	0	12414.4	8562.1	495	3	0	0	0	0	0	0	0	0
0	0	0	0	0	0	0	0	0	0	0	0	0	0
A616	1	12395.4	8602.9	495	1	0	0	0	A616D1	12374.3	8648.2	495	5
0	0	12404.9	8582.5	495	1	0	0	0	0	0	0	0	0
0	0	12133	8455.8	495	1	0	0	0	0	0	0	0	0
0	0	11980.9	8782	495	1	0	0	0	0	0	0	0	0
0	0	12252.8	8908.8	495	1	0	0	0	0	0	0	0	0
0	0	12353.1	8693.6	495	3	0	0	0	0	0	0	0	0
0	0	0	0	0	0	0	0	0	0	0	0	0	0
A614	1	12152.4	9124.1	495	1	0	0	0	A614D1	12131.3	9169.4	495	5
0	0	12252.8	8908.8	495	1	0	0	0	0	0	0	0	0
0	0	11980.9	8782	495	1	0	0	0	0	0	0	0	0
0	0	11827.9	9110.1	495	1	0	0	0	0	0	0	0	0
0	0	12099.8	9236.9	495	1	0	0	0	0	0	0	0	0
0	0	12110.1	9214.7	495	3	0	0	0	0	0	0	0	0
0	0	0	0	0	0	0	0	0	0	0	0	0	0
A612	1	12089	9260	495	1	0	0	0	A612D1	12067.9	9305.3	495	5
0	0	12099.8	9236.9	495	1	0	0	0	0	0	0	0	0
0	0	11827.9	9110.1	495	1	0	0	0	0	0	0	0	0
0	0	11699.6	9385.2	495	1	0	0	0	0	0	0	0	0
0	0	11971.5	9512	495	1	0	0	0	0	0	0	0	0
0	0	12046.7	9350.6	495	3	0	0	0	0	0	0	0	0
0	0	0	0	0	0	0	0	0	0	0	0	0	0
A610	1	11848.1	9776.6	495	1	0	0	0	A610D1	11827	9821.9	495	5
0	0	11971.5	9512	495	1	0	0	0	0	0	0	0	0
0	0	11699.6	9385.2	495	1	0	0	0	0	0	0	0	0
0	0	11503.5	9805.7	495	1	0	0	0	0	0	0	0	0
0	0	11775.4	9932.5	495	1	0	0	0	0	0	0	0	0
0	0	11805.8	9867.2	495	3	0	0	0	0	0	0	0	0
0	0	0	0	0	0	0	0	0	0	0	0	0	0
A608	1	11743.7	10000.5	495	1	0	0	0	A608D1	11722.6	10045.8	495	5
0	0	11775.4	9932.5	495	1	0	0	0	0	0	0	0	0
0	0	11503.5	9805.7	495	1	0	0	0	0	0	0	0	0
0	0	11351.4	10132	495	1	0	0	0	0	0	0	0	0
0	0	11623.3	10258.8	495	1	0	0	0	0	0	0	0	0
0	0	11701.5	10091.1	495	3	0	0	0	0	0	0	0	0
0	0	0	0	0	0	0	0	0	0	0	0	0	0
A606	1	11545.1	10426.4	495	1	0	0	0	A606D1	11524	10471.7	495	5
0	0	11623.3	10258.8	495	1	0	0	0	0	0	0	0	0
0	0	11351.4	10132	495	1	0	0	0	0	0	0	0	0
0	0	11220.4	10412.9	495	1	0	0	0	0	0	0	0	0
0	0	11492.3	10539.7	495	1	0	0	0	0	0	0	0	0
0	0	11502.8	10517	495	3	0	0	0	0	0	0	0	0
0	0	0	0	0	0	0	0	0	0	0	0	0	0
A604	1	11481.7	10562.4	495	1	0	0	0	A604D1	11460.6	10607.7	495	5
0	0	11492.3	10539.7	495	1	0	0	0	0	0	0	0	0
0	0	11220.4	10412.9	495	1	0	0	0	0	0	0	0	0
0	0	11075.7	10723.2	495	1	0	0	0	0	0	0	0	0
0	0	11347.6	10850	495	1	0	0	0	0	0	0	0	0
0	0	11439.4	10653	495	3	0	0	0	0	0	0	0	0
0	0	0	0	0	0	0	0	0	0	0	0	0	0
A602	1	11238.7	11083.5	495	1	0	0	0	A602D1	11217.6	11128.8	495	5
0	0	11347.6	10850	495	1	0	0	0	0	0	0	0	0
0	0	11075.7	10723.2	495	1	0	0	0	0	0	0	0	0
0	0	10904.1	11094.1	495	1	0	0	0	0	0	0	0	0
0	0	11177.8	11214	495	1	0	0	0	0	0	0	0	0
0	0	11196.4	11174.1	495	3	0	0	0	0	0	0	0	0
0	0	0	0	0	0	0	0	0	0	0	0	0	0
A6C3	3	11177.8	11214	495	1	0	0	0	A6P07	11054.5	11478.4	495	5
0	0	10682.3	11214	495	1	0	0	0	A6P08	10682.3	11478.7	495	5
0	0	10682.3	11398.7	495	3	0	0	0	0	0	0	0	0
0	0	10682.3	11558.7	495	1	0	0	0	0	0	0	0	0
0	0	10682.3	11744	495	1	0	0	0	0	0	0	0	0
0	0	10915.8	11776	495	3	0	0	0	0	0	0	0	0
0	0	0	0	0	0	0	0	0	0	0	0	0	0
A6S11	1	13285	7447.6	495	1	0	0	0	A6P03	13423.1	7222.4	495	5
0	0	13312.2	7460.3	495	1	0	0	0	A6P02	13248.7	7430.7	495	5
0	0	13386.1	7301.7	495	3	0	0	0	0	0	0	0	0
0	0	13460.1	7143.1	495	1	0	0	0	0	0	0	0	0
0	0	13306	7071.3	495	1	0	0	0	0	0	0	0	0
0	0	13158.1	7388.5	495	1	0	0	0	0	0	0	0	0
0	0	13212.5	7413.8	495	3	0	0	0	0	0	0	0	0
0	0	0	0	0	0	0	0	0	0	0	0	0	0
A6C4	1	12314.2	7538.9	495	1	0	0	0	A6P04	12809.6	7714.7	495	5
0	0	12293.9	7590.1	495	1	0	0	0	A6P05	12331.9	7492	495	5
0	0	12765.2	7809.9	495	3	0	0	0	0	0	0	0	0
0	0	12853.9	7619.6	495	1	0	0	0	0	0	0	0	0
0	0	12374.3	7395.9	495	1	0	0	0	0	0	0	0	0
0	0	12353	7446.7	495	3	0	0	0	0	0	0	0	0
0	0	0	0	0	0	0	0	0	0	0	0	0	0
A6S21	3	12353	7446.7	495	1	0	0	0	A6P05	12331.9	7492	495	5
0	0	12397	7342	495	1	0	0	0	A6P06	12199	7426.7	420	5
0	0	12264.1	7272.7	420	3	0	0	0	0	0	0	0	0
0	0	12134	7580.7	420	1	0	0	0	0	0	0	0	0
0	0	12271.6	7640.4	495	1	0	0	0	0	0	0	0	0
0	0	12314.2	7538.9	495	3	0	0	0	0	0	0	0	0
0	0	0	0	0	0	0	0	0	0	0	0	0	0
A6WC	1	13901.6	5794	495	1	0	0	0	0	0	0	0	0
0	0	13683.3	6262.2	495	1	0	0	0	0	0	0	0	0
0	0	13955.2	6389	495	1	0	0	0	0	0	0	0	0
0	0	14173.5	5920.8	495	1	0	0	0	0	0	0	0	0
0	0	0	0	0	0	0	0	0	0	0	0	0	0
A6C5	1	10682.3	11398.4	495	1	0	0	0	A6P08	10682.3	11478.7	495	5
0	0	10682.3	11214	495	1	0	0	0	A6P09	10462.3	11478.4	495	5
0	0	10462.3	11214	495	3	0	0	0	0	0	0	0	0
0	0	10462.3	11744	495	1	0	0	0	0	0	0	0	0
0	0	10682.3	11744	495	1	0	0	0	0	0	0	0	0
0	0	10682.3	11558.4	495	3	0	0	0	0	0	0	0	0
0	0	0	0	0	0	0	0	0	0	0	0	0	0
A6S31	3	10462.3	11214	495	1	0	0	0	A6P09	10462.3	11478.4	495	5
0	0	10312.3	11214	420	3	0	0	0	B5P01	10312.3	11478.4	420	5
0	0	10312.3	11744	420	1	0	0	0	0	0	0	0	0
0	0	10462.3	11744	495	3	0	0	0	0	0	0	0	0
0	0	0	0	0	0	0	0	0	0	0	0	0	0
A6E1	1	13773.2	5648.2	495	1	0	0	0	0	0	0	0	0
0	0	13901.6	5794	495	1	0	0	0	0	0	0	0	0
0	0	13901.6	5794	495	1	0	0	0	0	0	0	0	0
0	0	13773.2	5648.2	495	1	0	0	0	0	0	0	0	0
0	0	0	0	0	0	0	0	0	0	0	0	0	0
A6E2	1	10915.8	11776	495	1	0	0	0	0	0	0	0	0
0	0	10915.8	11776	495	1	0	0	0	0	0	0	0	0
0	0	11100.4	11801.3	495	1	0	0	0	0	0	0	0	0
0	0	11139.6	11717.1	495	1	0	0	0	0	0	0	0	0
0	0	11139.6	11717.1	495	1	0	0	0	0	0	0	0	0
0	0	11100.4	11801.3	495	1	0	0	0	0	0	0	0	0
0	0	0	0	0	0	0	0	0	0	0	0	0	0
A6C2	2	12765.2	7809.9	495	1	0	0	0	A6P10	11274.9	11214	495	5
0	0	11177.8	11214	495	1	0	0	0	A603D1	11461.3	11027.3	495	5
0	0	11374	11214	495	1	0	0	0	A605D1	11537.4	10864.2	495	5
0	0	12926.5	7885.1	495	1	0	0	0	A607D1	11768.1	10369.3	495	5
0	0	0	0	0	0	0	0	0	A609D1	11844.1	10206.2	495	5
0	0	0	0	0	0	0	0	0	A611D1	12074.9	9711.3	495	5
0	0	0	0	0	0	0	0	0	A613D1	12151	9548.2	495	5
0	0	0	0	0	0	0	0	0	A615D1	12535.6	8723.5	495	5
0	0	0	0	0	0	0	0	0	A617D1	12596.9	8592.1	495	5
0	0	0	0	0	0	0	0	0	A6P13	12845.8	7847.5	495	5
0	0	0	0	0	0	0	0	0	A620D1	12596.1	8172.4	495	5
0	0	0	0	0	0	0	0	0	A618D1	12435.5	8516.8	495	5
0	0	0	0	0	0	0	0	0	A616D1	12374.3	8648.2	495	5
0	0	0	0	0	0	0	0	0	A614D1	12131.3	9169.4	495	5
0	0	0	0	0	0	0	0	0	A612D1	12067.9	9305.3	495	5
0	0	0	0	0	0	0	0	0	A610D1	11827	9821.9	495	5
0	0	0	0	0	0	0	0	0	A608D1	11722.6	10045.8	495	5
0	0	0	0	0	0	0	0	0	A606D1	11524	10471.7	495	5
0	0	0	0	0	0	0	0	0	A604D1	11460.6	10607.7	495	5
0	0	0	0	0	0	0	0	0	A602D1	11217.6	11128.8	495	5
0	0	0	0	0	0	0	0	0	0	0	0	0	0
A6C9	2	13773.2	5648.2	495	1	0	0	0	A627D1	13561.1	6098.8	495	5
0	0	12996.8	7313.3	495	1	0	0	0	A628D1	13503.5	6226.6	495	5
0	0	31001.4	7388.5	495	1	0	0	0	A630D1	13664	6303.5	495	5
0	0	13901.6	5794	495	1	0	0	0	A626D1	13433.3	6377	495	5
0	0	0	0	0	0	0	0	0	A625D1	13594.7	6452.3	495	5
0	0	0	0	0	0	0	0	0	A624D1	13203.9	6869.2	495	5
0	0	0	0	0	0	0	0	0	A622D1	13126.1	7035.9	495	5
0	0	0	0	0	0	0	0	0	A623D1	13365.2	6944.4	495	5
0	0	0	0	0	0	0	0	0	A6P11	13077.4	7350.9	495	5
0	0	0	0	0	0	0	0	0	0	0	0	0	0
A6C8	2	12996.8	7313.3	495	1	0	0	0	A6P11	13077.4	7350.9	495	5
0	0	12865.8	7594.2	495	1	0	0	0	A6P01	13092.6	7529	495	5
0	0	13027.1	7669.4	495	1	0	0	0	A621D1	12903.4	7513.5	495	5
0	0	31001.4	7388.5	495	1	0	0	0	A6P12	12946.4	7631.8	495	5
0	0	0	0	0	0	0	0	0	0	0	0	0	0
A6C7	2	12865.8	7594.2	495	1	0	0	0	A6P12	12946.4	7631.8	495	5
		12765.2	7809.9	495	1	0	0	0	A6P04	12809.6	7714.7	495	5
		12926.5	7885.1	495	1	0	0	0	A619D1	12977.2	7776.4	495	5
		13027.1	7669.4	495	1	0	0	0	A6P13	12845.8	7847.5	495	5
0	0	0	0	0	0	0	0	0	0	0	0	0	0
A6C6	2	11177.8	11214	495	1	0	0	0	A6P10	11274.9	11214	495	5
0	0	10915.8	11776	495	1	0	0	0	A6P07	11054.5	11478.4	495	5
0	0	11100.4	11801.3	495	1	0	0	0	A601D1	11303.7	11365.4	495	5
0	0	11374	11214	495	1	0	0	0	0	0	0	0	0
0	0	0	0	0	0	0	0	0	0	0	0	0	0
B5C3	1	9212.3	11559	420	3	0	0	0	B5P01	10312.3	11478.4	420	5
0	0	9212.3	11744	420	1	0	0	0	B5P04	10087.3	11214	420	5
0	0	10312.3	11744	420	3	0	0	0	B5P03	9487.3	11214	420	5
0	0	10312.3	11214	420	1	0	0	0	B5P02	9212.7	11479	420	5
0	0	10177.3	11214	420	3	0	0	0	0	0	0	0	0
0	0	9997.3	11214	420	1	0	0	0	0	0	0	0	0
0	0	9577.3	11214	420	3	0	0	0	0	0	0	0	0
0	0	9397.3	11214	420	1	0	0	0	0	0	0	0	0
0	0	9212.3	11214	420	1	0	0	0	0	0	0	0	0
0	0	9212.3	11399	420	3	0	0	0	0	0	0	0	0
0	0	0	0	0	0	0	0	0	0	0	0	0	0
B5S11	3	10177.3	11214	420	1	0	0	0	B5P04	10087.3	11214	420	5
0	0	10177.3	10794	210	3	0	0	0	B4P10	10087.3	10794	210	5
0	0	9997.3	10794	210	1	0	0	0	0	0	0	0	0
0	0	9997.3	11214	420	3	0	0	0	0	0	0	0	0
0	0	0	0	0	0	0	0	0	0	0	0	0	0
B5S12	3	9577.3	11214	420	1	0	0	0	B5P03	9487.3	11214	420	5
0	0	9577.3	10794	210	3	0	0	0	B4P11	9487.3	10794	210	5
0	0	9397.3	10794	210	1	0	0	0	0	0	0	0	0
0	0	9397.3	11214	420	3	0	0	0	0	0	0	0	0
0	0	0	0	0	0	0	0	0	0	0	0	0	0
B5C2	1	9212.3	11399	420	1	0	0	0	B5P02	9212.7	11479	420	5
0	0	9212.3	11241	420	1	0	0	0	B5P15	8492.3	11479	420	5
0	0	8492.3	11241	420	3	0	0	0	0	0	0	0	0
0	0	8492.3	11744	420	1	0	0	0	0	0	0	0	0
0	0	9212.3	11744	420	1	0	0	0	0	0	0	0	0
0	0	9212.3	11559	420	3	0	0	0	0	0	0	0	0
0	0	0	0	0	0	0	0	0	0	0	0	0	0
B501	1	8255.3	11464	420	1	0	0	0	B501D1	8255.3	11414	420	5
0	0	8255.3	11744	420	1	0	0	0	0	0	0	0	0
0	0	7655.3	11744	420	1	0	0	0	0	0	0	0	0
0	0	7655.3	11249	420	1	0	0	0	0	0	0	0	0
0	0	8255.3	11249	420	1	0	0	0	0	0	0	0	0
0	0	8255.3	11364	420	3	0	0	0	0	0	0	0	0
0	0	0	0	0	0	0	0	0	0	0	0	0	0
B502	1	8255.3	10134	420	1	0	0	0	B502D1	8255.3	10184	420	5
0	0	8255.3	10084	420	1	0	0	0	B502D2	8255.3	11084	420	5
0	0	7655.3	10084	420	1	0	0	0	0	0	0	0	0
0	0	7655.3	11249	420	1	0	0	0	0	0	0	0	0
0	0	8255.3	11249	420	1	0	0	0	0	0	0	0	0
0	0	8255.3	11134	420	3	0	0	0	0	0	0	0	0
0	0	8255.3	11034	420	1	0	0	0	0	0	0	0	0
0	0	8255.3	10234	420	3	0	0	0	0	0	0	0	0
0	0	0	0	0	0	0	0	0	0	0	0	0	0
B503	1	8255.3	9024	420	1	0	0	0	B503D1	8255.3	9074	420	5
0	0	8255.3	8974	420	1	0	0	0	B503D2	8255.3	9984	420	5
0	0	7655.3	8974	420	1	0	0	0	0	0	0	0	0
0	0	7655.3	10084	420	1	0	0	0	0	0	0	0	0
0	0	8255.3	10084	420	1	0	0	0	0	0	0	0	0
0	0	8255.3	10034	420	3	0	0	0	0	0	0	0	0
0	0	8255.3	9934	420	1	0	0	0	0	0	0	0	0
0	0	8255.3	9124	420	3	0	0	0	0	0	0	0	0
0	0	0	0	0	0	0	0	0	0	0	0	0	0
B504	1	8255.3	7914	420	1	0	0	0	B504D1	8255.3	7964	420	5
0	0	8255.3	7864	420	1	0	0	0	B504D2	8255.3	8874	420	5
0	0	7655.3	7864	420	1	0	0	0	0	0	0	0	0
0	0	7655.3	8974	420	1	0	0	0	0	0	0	0	0
0	0	8255.3	8974	420	1	0	0	0	0	0	0	0	0
0	0	8255.3	8924	420	3	0	0	0	0	0	0	0	0
0	0	8255.3	8824	420	1	0	0	0	0	0	0	0	0
0	0	8255.3	8014	420	3	0	0	0	0	0	0	0	0
0	0	0	0	0	0	0	0	0	0	0	0	0	0
B505	1	8255.3	6814	420	1	0	0	0	B505D1	8255.3	6864	420	5
0	0	8255.3	6734	420	1	0	0	0	B505D2	8255.3	7764	420	5
0	0	7655.3	6734	420	1	0	0	0	0	0	0	0	0
0	0	7655.3	7864	420	1	0	0	0	0	0	0	0	0
0	0	8255.3	7864	420	1	0	0	0	0	0	0	0	0
0	0	8255.3	7814	420	3	0	0	0	0	0	0	0	0
0	0	8255.3	7714	420	1	0	0	0	0	0	0	0	0
0	0	8255.3	6914	420	3	0	0	0	0	0	0	0	0
0	0	0	0	0	0	0	0	0	0	0	0	0	0
B506	1	8255.3	5094	420	1	0	0	0	B506D1	8255.3	5144	420	5
0	0	8255.3	5044	420	1	0	0	0	B506D2	8255.3	6044	420	5
0	0	7655.3	5044	420	1	0	0	0	0	0	0	0	0
0	0	7655.3	6164	420	1	0	0	0	0	0	0	0	0
0	0	8255.3	6164	420	1	0	0	0	0	0	0	0	0
0	0	8255.3	6094	420	3	0	0	0	0	0	0	0	0
0	0	8255.3	5994	420	1	0	0	0	0	0	0	0	0
0	0	8255.3	5194	420	3	0	0	0	0	0	0	0	0
0	0	0	0	0	0	0	0	0	0	0	0	0	0
B508	1	8255.3	4894	420	1	0	0	0	B508D1	8255.3	4944	420	5
0	0	8255.3	4444	420	1	0	0	0	0	0	0	0	0
0	0	7655.3	4444	420	1	0	0	0	0	0	0	0	0
0	0	7655.3	5044	420	1	0	0	0	0	0	0	0	0
0	0	8255.3	5044	420	1	0	0	0	0	0	0	0	0
0	0	8255.3	4994	420	3	0	0	0	0	0	0	0	0
0	0	0	0	0	0	0	0	0	0	0	0	0	0
B507	1	8492.3	6094	420	1	0	0	0	B507D1	8492.3	5144	420	5
0	0	8492.3	6133.3	420	1	0	0	0	B507D2	8492.3	6044	420	5
0	0	9093.4	6133.3	420	1	0	0	0	0	0	0	0	0
0	0	9093.4	5069.4	420	1	0	0	0	0	0	0	0	0
0	0	8492.3	5069.4	420	1	0	0	0	0	0	0	0	0
0	0	8492.3	5094	420	3	0	0	0	0	0	0	0	0
0	0	8492.3	5194	420	1	0	0	0	0	0	0	0	0
0	0	8492.3	5994	420	3	0	0	0	0	0	0	0	0
0	0	0	0	0	0	0	0	0	0	0	0	0	0
B5E1	1	8492.3	6814	420	1	0	0	0	0	0	0	0	0
0	0	8492.3	10504	420	1	0	0	0	0	0	0	0	0
0	0	9092.3	10504	420	1	0	0	0	0	0	0	0	0
0	0	9092.3	6814	420	1	0	0	0	0	0	0	0	0
0	0	0	0	0	0	0	0	0	0	0	0	0	0
B5WC	1	8492.3	10504	420	1	0	0	0	0	0	0	0	0
0	0	8492.3	11214	420	1	0	0	0	0	0	0	0	0
0	0	9092.3	11214	420	1	0	0	0	0	0	0	0	0
0	0	9092.3	10504	420	1	0	0	0	0	0	0	0	0
0	0	0	0	0	0	0	0	0	0	0	0	0	0
B5C4	1	8492.3	6539	420	1	0	0	0	B5P08	9162.3	6459	420	5
0	0	8492.3	6684	420	1	0	0	0	B5P07	8492.3	6459	420	5
0	0	9162.3	6684	420	1	0	0	0	0	0	0	0	0
0	0	9162.3	6649	420	3	0	0	0	0	0	0	0	0
0	0	9162.3	6269	420	1	0	0	0	0	0	0	0	0
0	0	9162.3	6234	420	1	0	0	0	0	0	0	0	0
0	0	8492.3	6234	420	1	0	0	0	0	0	0	0	0
0	0	8492.3	6379	420	3	0	0	0	0	0	0	0	0
0	0	0	0	0	0	0	0	0	0	0	0	0	0
B5C5	1	9162.3	6269	420	3	0	0	0	A6P06	12199	7426.7	420	5
0	0	9162.3	6649	420	2	6053	21776.4	420	B5P08	9162.3	6459	420	5
0	0	12134.1	7580.4	420	3	0	0	0	0	0	0	0	0
0	0	12264.1	7272.7	420	3	0	0	0	0	0	0	0	0
0	0	0	0	0	0	0	0	0	0	0	0	0	0
B5E2	1	9162.3	6269	420	2	7620.7	16327.9	420	0	0	0	0	0
0	0	12264.1	7272.7	420	3	0	0	0	0	0	0	0	0
0	0	0	0	0	0	0	0	0	0	0	0	0	0
B5C1	2	8255.3	6734	420	1	0	0	0	B502D1	8255.3	10184	420	5
0	0	8255.3	11249	420	1	0	0	0	B502D2	8255.3	11084	420	5
0	0	8492.3	11214	420	1	0	0	0	B503D1	8255.3	9074	420	5
0	0	8492.3	6734	420	1	0	0	0	B503D2	8255.3	9984	420	5
0	0	0	0	0	0	0	0	0	B504D1	8255.3	7964	420	5
0	0	0	0	0	0	0	0	0	B504D2	8255.3	8874	420	5
0	0	0	0	0	0	0	0	0	B505D1	8255.3	6864	420	5
0	0	0	0	0	0	0	0	0	B505D2	8255.3	7764	420	5
0	0	0	0	0	0	0	0	0	B5P14	8373.8	6734	420	5
0	0	0	0	0	0	0	0	0	B5P05	8373.8	11231.5	420	5
0	0	0	0	0	0	0	0	0	0	0	0	0	0
B5C6	2	8255.3	4444	420	1	0	0	0	B5P13	8373.8	6164	420	5
0	0	8255.3	6164	420	1	0	0	0	B506D1	8255.3	5144	420	5
0	0	8492.3	6164	420	1	0	0	0	B506D2	8255.3	6044	420	5
0	0	8492.3	4444	420	1	0	0	0	B507D1	8492.3	5144	420	5
0	0	0	0	0	0	0	0	0	B507D2	8492.3	6044	420	5
0	0	0	0	0	0	0	0	0	B508D1	8255.3	4944	420	5
0	0	0	0	0	0	0	0	0	0	0	0	0	0
B5C7	2	8255.3	6164	420	1	0	0	0	B5P13	8373.8	6164	420	5
0	0	8255.3	6734	420	1	0	0	0	B5P06	8255.3	6459	420	5
0	0	8492.3	6734	420	1	0	0	0	B5P07	8492.3	6459	420	5
0	0	8492.3	6164	420	1	0	0	0	B5P14	8373.8	6734	420	5
0	0	0	0	0	0	0	0	0	0	0	0	0	0
B5C8	1	8255.3	11249	420	1	0	0	0	B501D1	8255.3	11414	420	5
0	0	8255.3	11364	420	3	0	0	0	B5P05	8373.8	11231.5	420	5
0	0	8255.3	11464	420	1	0	0	0	B5P15	8492.3	11479	420	5
0	0	8255.3	11744	420	1	0	0	0	0	0	0	0	0
0	0	8492.3	11744	420	3	0	0	0	0	0	0	0	0
0	0	8492.3	11214	420	3	0	0	0	0	0	0	0	0
0	0	0	0	0	0	0	0	0	0	0	0	0	0
B5E3	1	8255.3	4444	420	1	0	0	0	0	0	0	0	0
0	0	8492.3	4444	420	1	0	0	0	0	0	0	0	0
0	0	8492.3	5069.4	420	1	0	0	0	0	0	0	0	0
0	0	8492.3	5069.4	420	1	0	0	0	0	0	0	0	0
0	0	8492.3	4444	420	1	0	0	0	0	0	0	0	0
0	0	8255.3	4444	420	1	0	0	0	0	0	0	0	0
0	0	0	0	0	0	0	0	0	0	0	0	0	0
B5E4	1	8492.3	6133.3	420	1	0	0	0	0	0	0	0	0
0	0	8492.3	6234	420	1	0	0	0	0	0	0	0	0
0	0	8492.3	6234	420	1	0	0	0	0	0	0	0	0
0	0	8492.3	6133.3	420	1	0	0	0	0	0	0	0	0
0	0	0	0	0	0	0	0	0	0	0	0	0	0
B5E5	1	8492.3	6684	420	1	0	0	0	0	0	0	0	0
0	0	8492.3	6814	420	1	0	0	0	0	0	0	0	0
0	0	8492.3	6814	420	1	0	0	0	0	0	0	0	0
0	0	8492.3	6684	420	1	0	0	0	0	0	0	0	0
0	0	0	0	0	0	0	0	0	0	0	0	0	0
D520	1	600	62	420	1	0	0	0	D520D1	600	112	420	5
0	0	600	0	420	1	0	0	0	0	0	0	0	0
0	0	0	0	420	1	0	0	0	0	0	0	0	0
0	0	0	806	420	1	0	0	0	0	0	0	0	0
0	0	600	806	420	1	0	0	0	0	0	0	0	0
0	0	600	162	420	3	0	0	0	0	0	0	0	0
0	0	0	0	0	0	0	0	0	0	0	0	0	0
D519	1	600	1450	420	1	0	0	0	D519D1	600	1500	420	5
0	0	600	806	420	1	0	0	0	0	0	0	0	0
0	0	0	806	420	1	0	0	0	0	0	0	0	0
0	0	0	1918.5	420	1	0	0	0	0	0	0	0	0
0	0	600	1918.5	420	1	0	0	0	0	0	0	0	0
0	0	600	1550	420	3	0	0	0	0	0	0	0	0
0	0	0	0	0	0	0	0	0	0	0	0	0	0
D518	1	600	2287	420	1	0	0	0	D518D1	600	2337	420	5
0	0	600	1918.5	420	1	0	0	0	0	0	0	0	0
0	0	0	1918.5	420	1	0	0	0	0	0	0	0	0
0	0	0	2764.5	420	1	0	0	0	0	0	0	0	0
0	0	600	2764.5	420	1	0	0	0	0	0	0	0	0
0	0	600	2387	420	3	0	0	0	0	0	0	0	0
0	0	0	0	0	0	0	0	0	0	0	0	0	0
D517	1	600	3142	420	1	0	0	0	D517D1	600	3192	420	5
0	0	600	2764.5	420	1	0	0	0	0	0	0	0	0
0	0	0	2764.5	420	1	0	0	0	0	0	0	0	0
0	0	0	3358.5	420	1	0	0	0	0	0	0	0	0
0	0	600	3358.5	420	1	0	0	0	0	0	0	0	0
0	0	600	3242	420	3	0	0	0	0	0	0	0	0
0	0	0	0	0	0	0	0	0	0	0	0	0	0
D516	1	600	3475	420	1	0	0	0	D516D1	600	3525	420	5
0	0	600	3358.5	420	1	0	0	0	0	0	0	0	0
0	0	0	3358.5	420	1	0	0	0	0	0	0	0	0
0	0	0	4205	420	1	0	0	0	0	0	0	0	0
0	0	600	4205	420	1	0	0	0	0	0	0	0	0
0	0	600	3575	420	3	0	0	0	0	0	0	0	0
0	0	0	0	0	0	0	0	0	0	0	0	0	0
D514	1	600	4835	420	1	0	0	0	D514D1	600	4885	420	5
0	0	600	4205	420	1	0	0	0	0	0	0	0	0
0	0	0	4205	420	1	0	0	0	0	0	0	0	0
0	0	0	5505	420	1	0	0	0	0	0	0	0	0
0	0	600	5505	420	1	0	0	0	0	0	0	0	0
0	0	600	4935	420	3	0	0	0	0	0	0	0	0
0	0	0	0	0	0	0	0	0	0	0	0	0	0
D512	1	600	7379	420	1	0	0	0	D512D1	600	7429	420	5
0	0	600	6777	420	1	0	0	0	0	0	0	0	0
0	0	0	6777	420	1	0	0	0	0	0	0	0	0
0	0	0	7827.5	420	1	0	0	0	0	0	0	0	0
0	0	600	7827.5	420	1	0	0	0	0	0	0	0	0
0	0	600	7479	420	3	0	0	0	0	0	0	0	0
0	0	0	0	0	0	0	0	0	0	0	0	0	0
D510	1	600	8176	420	1	0	0	0	D510D1	600	8226	420	5
0	0	600	7827.5	420	1	0	0	0	0	0	0	0	0
0	0	0	7827.5	420	1	0	0	0	0	0	0	0	0
0	0	0	8393.5	420	1	0	0	0	0	0	0	0	0
0	0	600	8393.5	420	1	0	0	0	0	0	0	0	0
0	0	600	8276	420	3	0	0	0	0	0	0	0	0
0	0	0	0	0	0	0	0	0	0	0	0	0	0
D508	1	600	8511	420	1	0	0	0	D508D1	600	8561	420	5
0	0	600	8393.5	420	1	0	0	0	0	0	0	0	0
0	0	0	8393.5	420	1	0	0	0	0	0	0	0	0
0	0	0	9234.5	420	1	0	0	0	0	0	0	0	0
0	0	600	9234.5	420	1	0	0	0	0	0	0	0	0
0	0	600	8611	420	3	0	0	0	0	0	0	0	0
0	0	0	0	0	0	0	0	0	0	0	0	0	0
D506	1	600	9858	420	1	0	0	0	D506D1	600	9908	420	5
0	0	600	9234.5	420	1	0	0	0	0	0	0	0	0
0	0	0	9234.5	420	1	0	0	0	0	0	0	0	0
0	0	0	10075.5	420	1	0	0	0	0	0	0	0	0
0	0	600	10075.5	420	1	0	0	0	0	0	0	0	0
0	0	600	9958	420	3	0	0	0	0	0	0	0	0
0	0	0	0	0	0	0	0	0	0	0	0	0	0
D504	1	600	10193	420	1	0	0	0	D504D1	600	10243	420	5
0	0	600	10075.5	420	1	0	0	0	0	0	0	0	0
0	0	0	10075.5	420	1	0	0	0	0	0	0	0	0
0	0	0	10910.5	420	1	0	0	0	0	0	0	0	0
0	0	600	10910.5	420	1	0	0	0	0	0	0	0	0
0	0	600	10293	420	3	0	0	0	0	0	0	0	0
0	0	0	0	0	0	0	0	0	0	0	0	0	0
D501	1	600	11538	420	1	0	0	0	D501D1	600	11578	420	5
0	0	600	10910.5	420	1	0	0	0	0	0	0	0	0
0	0	0	10910.5	420	1	0	0	0	0	0	0	0	0
0	0	0	11696	420	1	0	0	0	0	0	0	0	0
0	0	600	11696	420	1	0	0	0	0	0	0	0	0
0	0	600	11638	420	3	0	0	0	0	0	0	0	0
0	0	0	0	0	0	0	0	0	0	0	0	0	0
D515	1	834	3165	420	1	0	0	0	D515D1	834	3115	420	5
0	0	834	3794.8	420	1	0	0	0	0	0	0	0	0
0	0	1434	3794.8	420	1	0	0	0	0	0	0	0	0
0	0	1434	2764.5	420	1	0	0	0	0	0	0	0	0
0	0	834	2764.5	420	1	0	0	0	0	0	0	0	0
0	0	834	3065	420	3	0	0	0	0	0	0	0	0
0	0	0	0	0	0	0	0	0	0	0	0	0	0
D513	1	834	4525	420	1	0	0	0	D513D1	834	4475	420	5
0	0	834	4630.3	420	1	0	0	0	0	0	0	0	0
0	0	1434	4630.3	420	1	0	0	0	0	0	0	0	0
0	0	1434	3794.8	420	1	0	0	0	0	0	0	0	0
0	0	834	3794.8	420	1	0	0	0	0	0	0	0	0
0	0	834	4425	420	3	0	0	0	0	0	0	0	0
0	0	0	0	0	0	0	0	0	0	0	0	0	0
D511	1	834	4838	420	1	0	0	0	D511D1	834	4788	420	5
0	0	834	5662.3	420	1	0	0	0	0	0	0	0	0
0	0	1434	5662.3	420	1	0	0	0	0	0	0	0	0
0	0	1434	4630.3	420	1	0	0	0	0	0	0	0	0
0	0	834	4630.3	420	1	0	0	0	0	0	0	0	0
0	0	834	4738	420	3	0	0	0	0	0	0	0	0
0	0	0	0	0	0	0	0	0	0	0	0	0	0
D509	1	834	7153	420	1	0	0	0	D509D1	834	7103	420	5
0	0	834	7544.6	420	1	0	0	0	0	0	0	0	0
0	0	1434	7544.6	420	1	0	0	0	0	0	0	0	0
0	0	1434	6734	420	1	0	0	0	0	0	0	0	0
0	0	834	6734	420	1	0	0	0	0	0	0	0	0
0	0	834	7053	420	3	0	0	0	0	0	0	0	0
0	0	0	0	0	0	0	0	0	0	0	0	0	0
D507	1	834	8032	420	1	0	0	0	D507D1	834	7982	420	5
0	0	834	8379.8	420	1	0	0	0	0	0	0	0	0
0	0	1434	8379.8	420	1	0	0	0	0	0	0	0	0
0	0	1434	7544.6	420	1	0	0	0	0	0	0	0	0
0	0	834	7544.6	420	1	0	0	0	0	0	0	0	0
0	0	834	7932	420	3	0	0	0	0	0	0	0	0
0	0	0	0	0	0	0	0	0	0	0	0	0	0
D505	1	834	8829	420	1	0	0	0	D505D1	834	8779	420	5
0	0	834	8937.5	420	1	0	0	0	0	0	0	0	0
0	0	1434	8937.5	420	1	0	0	0	0	0	0	0	0
0	0	1434	8379.8	420	1	0	0	0	0	0	0	0	0
0	0	834	8379.8	420	1	0	0	0	0	0	0	0	0
0	0	834	8729	420	3	0	0	0	0	0	0	0	0
0	0	0	0	0	0	0	0	0	0	0	0	0	0
D503	1	834	9144	420	1	0	0	0	D503D1	834	9094	420	5
0	0	834	9784.8	420	1	0	0	0	0	0	0	0	0
0	0	1434	9784.8	420	1	0	0	0	0	0	0	0	0
0	0	1434	8937.5	420	1	0	0	0	0	0	0	0	0
0	0	834	8937.5	420	1	0	0	0	0	0	0	0	0
0	0	834	9044	420	3	0	0	0	0	0	0	0	0
0	0	0	0	0	0	0	0	0	0	0	0	0	0
D502	1	834	10513	420	1	0	0	0	D502D1	834	10463	420	5
0	0	834	10925	420	1	0	0	0	0	0	0	0	0
0	0	1434	10925	420	1	0	0	0	0	0	0	0	0
0	0	1434	9784.8	420	1	0	0	0	0	0	0	0	0
0	0	834	9784.8	420	1	0	0	0	0	0	0	0	0
0	0	834	10413	420	3	0	0	0	0	0	0	0	0
0	0	0	0	0	0	0	0	0	0	0	0	0	0
D5C6	2	1925.3	6164	420	1	0	0	0	C5P09	1925.3	6564	420	5
0	0	1925.3	6734	420	1	0	0	0	C5P11	3930.3	6449	420	5
0	0	3930.3	6734	420	1	0	0	0	0	0	0	0	0
0	0	3930.3	6164	420	1	0	0	0	0	0	0	0	0
0	0	0	0	0	0	0	0	0	0	0	0	0	0
D5C13	2	3930.3	6164	420	1	0	0	0	C5P11	3930.3	6449	420	5
0	0	3930.3	6734	420	1	0	0	0	C5P04	4050.3	6734	420	5
0	0	4170.3	6734	420	1	0	0	0	C5P12	4170.3	6449	420	5
0	0	4170.3	6164	420	1	0	0	0	0	0	0	0	0
0	0	0	0	0	0	0	0	0	0	0	0	0	0
D5C14	2	4170.3	6734	420	1	0	0	0	C5P12	4170.3	6449	420	5
0	0	4585.3	6734	420	1	0	0	0	C5P13	4585.3	6449	420	5
0	0	4585.3	6164	420	1	0	0	0	0	0	0	0	0
0	0	4170.3	6164	420	1	0	0	0	0	0	0	0	0
0	0	0	0	0	0	0	0	0	0	0	0	0	0
D5C15	2	4585.3	6734	420	1	0	0	0	C5P13	4585.3	6449	420	5
0	0	4825.3	6734	420	1	0	0	0	C5P14	4825.3	6449	420	5
0	0	4825.3	6164	420	1	0	0	0	C5P03	4705.3	6164	420	5
0	0	4585.3	6164	420	1	0	0	0	0	0	0	0	0
0	0	0	0	0	0	0	0	0	0	0	0	0	0
D5C16	2	4825.3	6734	420	1	0	0	0	B5P10	5900.3	6734	420	5
0	0	8255.3	6734	420	3	0	0	0	B5P09	7155.3	6734	420	5
0	0	8255.3	6164	420	1	0	0	0	B5P06	8255.3	6449	420	5
0	0	4825.3	6164	420	3	0	0	0	0	0	0	0	0
0	0	0	0	0	0	0	0	0	0	0	0	0	0
D5E1	1	834	2764.5	420	1	0	0	0	0	0	0	0	0
0	0	834	1376	420	1	0	0	0	0	0	0	0	0
0	0	1184.3	1376	420	1	0	0	0	0	0	0	0	0
0	0	1184.3	806	420	1	0	0	0	0	0	0	0	0
0	0	834	806	420	1	0	0	0	0	0	0	0	0
0	0	834	273	420	1	0	0	0	0	0	0	0	0
0	0	1184.3	273	420	1	0	0	0	0	0	0	0	0
0	0	1184.3	0	420	1	0	0	0	0	0	0	0	0
0	0	600	0	420	3	0	0	0	0	0	0	0	0
0	0	0	0	0	0	0	0	0	0	0	0	0	0
D5E2	1	0	5505	420	1	0	0	0	0	0	0	0	0
0	0	0	6777	420	1	0	0	0	0	0	0	0	0
0	0	600	6777	420	1	0	0	0	0	0	0	0	0
0	0	600	5505	420	1	0	0	0	0	0	0	0	0
0	0	0	0	0	0	0	0	0	0	0	0	0	0
D5E3	1	834	6734	420	1	0	0	0	0	0	0	0	0
0	0	1925.3	6734	420	3	0	0	0	0	0	0	0	0
0	0	1925.3	6164	420	3	0	0	0	0	0	0	0	0
0	0	1467.3	6164	420	1	0	0	0	0	0	0	0	0
0	0	1467.3	5662.3	420	1	0	0	0	0	0	0	0	0
0	0	834	5662.3	420	3	0	0	0	0	0	0	0	0
0	0	0	0	0	0	0	0	0	0	0	0	0	0
D5E4	1	834	10925	420	1	0	0	0	0	0	0	0	0
0	0	834	11175	420	1	0	0	0	0	0	0	0	0
0	0	1881.3	11175	420	1	0	0	0	0	0	0	0	0
0	0	1881.3	10925	420	1	0	0	0	0	0	0	0	0
0	0	0	0	0	0	0	0	0	0	0	0	0	0
D5E5	1	600	11696	420	1	0	0	0	0	0	0	0	0
0	0	1881.3	11696	420	1	0	0	0	0	0	0	0	0
0	0	1881.3	11634	420	3	0	0	0	0	0	0	0	0
0	0	1881.3	11369	420	1	0	0	0	0	0	0	0	0
0	0	1881.3	11175	420	1	0	0	0	0	0	0	0	0
0	0	834	11175	420	3	0	0	0	0	0	0	0	0
0	0	0	0	0	0	0	0	0	0	0	0	0	0
C5C3	2	1881.3	11369	420	1	0	0	0	C5P08	1881.3	11501.5	420	5
0	0	1881.3	11634	420	1	0	0	0	C5P05	3930.3	11501.5	420	5
0	0	3930.3	11634	420	1	0	0	0	C5P07	2690.3	11369	420	5
0	0	3930.3	11369	420	1	0	0	0	C5P06	3270.3	11369	420	5
0	0	0	0	0	0	0	0	0	0	0	0	0	0
D5C1	2	834	0	420	1	0	0	0	D5P01	834	118.5	420	5
0	0	834	273	420	1	0	0	0	0	0	0	0	0
0	0	1184	273	420	1	0	0	0	0	0	0	0	0
0	0	1184	0	420	1	0	0	0	0	0	0	0	0
0	0	0	0	0	0	0	0	0	0	0	0	0	0
D5C2	2	600	237	420	1	0	0	0	D5P08	717.3	237	420	5
0	0	600	797	420	1	0	0	0	D5P09	717.3	797	420	5
0	0	834	797	420	1	0	0	0	0	0	0	0	0
0	0	834	237	420	1	0	0	0	0	0	0	0	0
0	0	0	0	0	0	0	0	0	0	0	0	0	0
D5C9	2	600	1376	420	1	0	0	0	D519D1	600	1500	420	5
0	0	600	5662.3	420	1	0	0	0	D518D1	600	2337	420	5
0	0	834	5662.3	420	1	0	0	0	D517D1	600	3192	420	5
0	0	834	1376	420	1	0	0	0	D516D1	600	3525	420	5
0	0	0	0	0	0	0	0	0	D514D1	600	4885	420	5
0	0	0	0	0	0	0	0	0	D515D1	834	3115	420	5
0	0	0	0	0	0	0	0	0	D513D1	834	4475	420	5
0	0	0	0	0	0	0	0	0	D511D1	834	4788	420	5
0	0	0	0	0	0	0	0	0	D5P11	717.3	5662.3	420	5
0	0	0	0	0	0	0	0	0	D5P10	717.3	1376	420	5
0	0	0	0	0	0	0	0	0	0	0	0	0	0
D5C10	2	600	797	420	1	0	0	0	D5P10	717.3	1376	420	5
0	0	600	1376	420	1	0	0	0	D5P09	717.3	797	420	5
0	0	834	1376	420	1	0	0	0	D5P02	834	1058	420	5
0	0	834	797	420	1	0	0	0	0	0	0	0	0
0	0	0	0	0	0	0	0	0	0	0	0	0	0
D5C11	2	600	6734	420	0	0	0	0	D512D1	600	7429	420	5
0	0	600	11175	420	0	0	0	0	D510D1	600	8226	420	5
0	0	834	11175	420	0	0	0	0	D508D1	600	8561	420	5
0	0	834	6334	420	0	0	0	0	D506D1	600	9908	420	5
0	0	0	0	0	0	0	0	0	D504D1	600	10243	420	5
0	0	0	0	0	0	0	0	0	D509D1	834	7103	420	5
0	0	0	0	0	0	0	0	0	D507D1	834	7982	420	5
0	0	0	0	0	0	0	0	0	D505D1	834	8779	420	5
0	0	0	0	0	0	0	0	0	D503D1	834	9094	420	5
0	0	0	0	0	0	0	0	0	D502D1	834	10463	420	5
0	0	0	0	0	0	0	0	0	D5P03	717.3	6734	420	5
0	0	0	0	0	0	0	0	0	D5P12	717.3	11175	420	5
0	0	0	0	0	0	0	0	0	0	0	0	0	0
D5C12	2	600	11175	420	0	0	0	0	D5P12	717.3	11175	420	5
0	0	600	11696	420	0	0	0	0	D5P04	834	11435.5	420	5
0	0	834	11696	420	0	0	0	0	D501D1	600	11578	420	5
0	0	834	11175	420	0	0	0	0	0	0	0	0	0
0	0	0	0	0	0	0	0	0	0	0	0	0	0
D5C3	2	834	806	420	1	0	0	0	D5P02	834	1058	420	5
0	0	834	1376	420	1	0	0	0	0	0	0	0	0
0	0	1184.3	1376	420	1	0	0	0	0	0	0	0	0
0	0	1184.3	806	420	1	0	0	0	0	0	0	0	0
0	0	0	0	0	0	0	0	0	0	0	0	0	0
D5C4	2	600	5662.3	420	1	0	0	0	D5P03	717.3	6734	420	5
0	0	600	6734	420	1	0	0	0	D5P05	1467.3	6448.5	420	5
0	0	1467.3	6734	420	1	0	0	0	D5P11	717.3	5662.3	420	5
0	0	1467.3	5662.3	420	1	0	0	0	0	0	0	0	0
0	0	0	0	0	0	0	0	0	0	0	0	0	0
D5C5	2	1467.3	6164	420	1	0	0	0	D5P05	1467.3	6448.5	420	5
0	0	1467.3	6734	420	1	0	0	0	D5P06	1743	6164	420	5
0	0	1925.3	6734	420	1	0	0	0	C5P09	1925.3	6564	420	5
0	0	1925.3	6164	420	1	0	0	0	0	0	0	0	0
0	0	0	0	0	0	0	0	0	0	0	0	0	0
D5C7	2	834	11175	420	1	0	0	0	D5P04	834	11435.5	420	5
0	0	834	11696	420	1	0	0	0	C5P08	1881.3	11501.5	420	5
0	0	1881.3	11696	420	1	0	0	0	0	0	0	0	0
0	0	1881.3	11175	420	1	0	0	0	0	0	0	0	0
0	0	0	0	0	0	0	0	0	0	0	0	0	0
D5S11	3	1823.3	6164	420	1	0	0	0	D5P06	1743.3	6164	420	5
0	0	1925.3	6164	420	1	0	0	0	D5P07	1609.4	5971	420	5
0	0	1925.3	5971	420	1	0	0	0	0	0	0	0	0
0	0	1715.2	5971	420	3	0	0	0	0	0	0	0	0
0	0	1503.6	5971	420	1	0	0	0	0	0	0	0	0
0	0	1503.6	6164	420	1	0	0	0	0	0	0	0	0
0	0	1663.3	6164	420	3	0	0	0	0	0	0	0	0
0	0	0	0	0	0	0	0	0	0	0	0	0	0
C508	1	4585.3	3944	420	1	0	0	0	C508D1	4585.3	3994	420	5
0	0	4585.3	3844	420	1	0	0	0	C508D2	4585.3	4894	420	5
0	0	3985.3	3844	420	1	0	0	0	0	0	0	0	0
0	0	3985.3	4994	420	1	0	0	0	0	0	0	0	0
0	0	4585.3	4994	420	1	0	0	0	0	0	0	0	0
0	0	4585.3	4944	420	3	0	0	0	0	0	0	0	0
0	0	4585.3	4844	420	1	0	0	0	0	0	0	0	0
0	0	4585.3	3944	420	3	0	0	0	0	0	0	0	0
0	0	0	0	0	0	0	0	0	0	0	0	0	0
C506	1	4585.3	5044	420	1	0	0	0	C506D1	4585.3	5094	420	5
0	0	4585.3	4994	420	1	0	0	0	C506D2	4585.3	6014	420	5
0	0	3985.3	4994	420	1	0	0	0	0	0	0	0	0
0	0	3985.3	6164	420	1	0	0	0	0	0	0	0	0
0	0	4585.3	6164	420	1	0	0	0	0	0	0	0	0
0	0	4585.3	6064	420	3	0	0	0	0	0	0	0	0
0	0	4585.3	5964	420	1	0	0	0	0	0	0	0	0
0	0	4585.3	5144	420	3	0	0	0	0	0	0	0	0
0	0	0	0	0	0	0	0	0	0	0	0	0	0
C507	1	4825.3	4944	420	1	0	0	0	C507D1	4825.3	4894	420	5
0	0	4825.3	4994	420	1	0	0	0	0	0	0	0	0
0	0	5425.3	4994	420	1	0	0	0	0	0	0	0	0
0	0	5425.3	4449.5	420	1	0	0	0	0	0	0	0	0
0	0	4825.3	4449.5	420	1	0	0	0	0	0	0	0	0
0	0	4825.3	4844	420	3	0	0	0	0	0	0	0	0
0	0	0	0	0	0	0	0	0	0	0	0	0	0
C505	1	4825.3	5044	420	1	0	0	0	C505D1	4825.3	5094	420	5
0	0	4825.3	4994	420	1	0	0	0	C505D2	4825.3	6014	420	5
0	0	5425.3	4994	420	1	0	0	0	0	0	0	0	0
0	0	5425.3	6164	420	1	0	0	0	0	0	0	0	0
0	0	4825.3	6164	420	1	0	0	0	0	0	0	0	0
0	0	4825.3	6064	420	3	0	0	0	0	0	0	0	0
0	0	4825.3	5964	420	1	0	0	0	0	0	0	0	0
0	0	4825.3	5144	420	3	0	0	0	0	0	0	0	0
0	0	0	0	0	0	0	0	0	0	0	0	0	0
C5C1	2	4585.3	3470.8	420	1	0	0	0	C508D1	4585.3	3994	420	5
0	0	3985.3	6164	420	1	0	0	0	C508D2	4585.3	4894	420	5
0	0	4825.3	6164	420	1	0	0	0	C506D1	4585.3	5094	420	5
0	0	4825.3	3684	420	1	0	0	0	C506D2	4585.3	6014	420	5
0	0	0	0	0	0	0	0	0	C507D1	4825.3	4894	420	5
0	0	0	0	0	0	0	0	0	C505D1	4825.3	5094	420	5
0	0	0	0	0	0	0	0	0	C505D2	4825.3	6014	420	5
0	0	0	0	0	0	0	0	0	C5P01	4585.3	3694	420	5
0	0	0	0	0	0	0	0	0	C5P03	4705.3	6164	420	5
0	0	0	0	0	0	0	0	0	0	0	0	0	0
C5E1	1	4825.3	4449.5	420	1	0	0	0	0	0	0	0	0
0	0	4825.3	4244	420	1	0	0	0	0	0	0	0	0
0	0	5015.3	4244	420	1	0	0	0	0	0	0	0	0
0	0	5015.3	4114	420	1	0	0	0	0	0	0	0	0
0	0	4825.3	4114	420	1	0	0	0	0	0	0	0	0
0	0	4825.3	3684	420	1	0	0	0	0	0	0	0	0
0	0	4585.3	3470.8	420	1	0	0	0	0	0	0	0	0
0	0	4585.3	3544	420	3	0	0	0	0	0	0	0	0
0	0	0	0	0	0	0	0	0	0	0	0	0	0
C5S11	3	4585.3	3544	420	1	0	0	0	C5P01	4585.3	3694	420	5
0	0	4425.3	3544	420	1	0	0	0	C5P02	4425.3	3769	420	5
0	0	4425.3	3694	420	3	0	0	0	0	0	0	0	0
0	0	4425.3	3844	420	1	0	0	0	0	0	0	0	0
0	0	4585.3	3844	420	1	0	0	0	0	0	0	0	0
0	0	4585.3	3774	420	3	0	0	0	0	0	0	0	0
0	0	4585.3	3614	420	1	0	0	0	0	0	0	0	0
0	0	0	0	0	0	0	0	0	0	0	0	0	0
C5S21	3	5820.3	6734	420	1	0	0	0	B5P10	5900.3	6734	420	5
0	0	5780.3	6734	420	1	0	0	0	B5P11	6050.3	7131.5	420	5
0	0	5780.3	7264	420	1	0	0	0	0	0	0	0	0
0	0	6050.3	7264	420	3	0	0	0	0	0	0	0	0
0	0	6050.3	6999	420	1	0	0	0	0	0	0	0	0
0	0	6050.3	6734	420	1	0	0	0	0	0	0	0	0
0	0	5980.3	6734	420	3	0	0	0	0	0	0	0	0
0	0	0	0	0	0	0	0	0	0	0	0	0	0
C5S22	3	7075.3	6734	420	1	0	0	0	B5P09	7155.3	6734	420	5
0	0	7005.3	6734	420	1	0	0	0	B5P12	7005.3	7131.5	420	5
0	0	7005.3	6999	420	3	0	0	0	0	0	0	0	0
0	0	7005.3	7264	420	1	0	0	0	0	0	0	0	0
0	0	7275.3	7264	420	1	0	0	0	0	0	0	0	0
0	0	7275.3	6734	420	1	0	0	0	0	0	0	0	0
0	0	7235.3	6734	420	3	0	0	0	0	0	0	0	0
0	0	0	0	0	0	0	0	0	0	0	0	0	0
C504	1	4170.3	6804	420	1	0	0	0	C504D1	4170.3	6854	420	5
0	0	4170.3	6734	420	1	0	0	0	C504D2	4170.3	7754	420	5
0	0	4770.3	6734	420	1	0	0	0	0	0	0	0	0
0	0	4770.3	7859.7	420	1	0	0	0	0	0	0	0	0
0	0	4170.3	7859.7	420	1	0	0	0	0	0	0	0	0
0	0	4170.3	7804	420	3	0	0	0	0	0	0	0	0
0	0	4170.3	7704	420	1	0	0	0	0	0	0	0	0
0	0	4170.3	6904	420	3	0	0	0	0	0	0	0	0
0	0	0	0	0	0	0	0	0	0	0	0	0	0
C503	1	4170.3	7904	420	1	0	0	0	C503D1	4170.3	7954	420	5
0	0	4170.3	7859.7	420	1	0	0	0	C503D2	4170.3	8874	420	5
0	0	4770.3	7859.7	420	1	0	0	0	0	0	0	0	0
0	0	4770.3	8965.5	420	1	0	0	0	0	0	0	0	0
0	0	4170.3	8965.5	420	1	0	0	0	0	0	0	0	0
0	0	4170.3	8924	420	3	0	0	0	0	0	0	0	0
0	0	4170.3	8824	420	1	0	0	0	0	0	0	0	0
0	0	4170.3	8004	420	3	0	0	0	0	0	0	0	0
0	0	0	0	0	0	0	0	0	0	0	0	0	0
C502	1	4170.3	9024	420	1	0	0	0	C502D1	4170.3	9074	420	5
0	0	4170.3	8965.5	420	1	0	0	0	C502D2	4170.3	11094	420	5
0	0	4770.3	8965.5	420	1	0	0	0	0	0	0	0	0
0	0	4770.3	11275	420	1	0	0	0	0	0	0	0	0
0	0	4170.3	11275	420	1	0	0	0	0	0	0	0	0
0	0	4170.3	11144	420	3	0	0	0	0	0	0	0	0
0	0	4170.3	11044	420	1	0	0	0	0	0	0	0	0
0	0	4170.3	9124	420	3	0	0	0	0	0	0	0	0
0	0	0	0	0	0	0	0	0	0	0	0	0	0
C501	1	4170.3	11614	420	1	0	0	0	C501D1	4170.3	11664	420	5
0	0	4170.3	11275	420	1	0	0	0	0	0	0	0	0
0	0	4770.3	11275	420	1	0	0	0	0	0	0	0	0
0	0	4770.3	11879	420	1	0	0	0	0	0	0	0	0
0	0	4170.3	11879	420	1	0	0	0	0	0	0	0	0
0	0	4170.3	11714	420	3	0	0	0	0	0	0	0	0
0	0	0	0	0	0	0	0	0	0	0	0	0	0
C5C2	2	3930.3	6734	420	1	0	0	0	C504D1	4170.3	6854	420	5
0	0	3930.3	11369	420	3	0	0	0	C504D2	4170.3	7754	420	5
0	0	4170.3	11369	420	3	0	0	0	C503D1	4170.3	7954	420	5
0	0	0	0	0	0	0	0	0	C503D2	4170.3	8874	420	5
0	0	0	0	0	0	0	0	0	C502D1	4170.3	9074	420	5
0	0	0	0	0	0	0	0	0	C502D2	4170.3	11094	420	5
0	0	0	0	0	0	0	0	0	C5P04	4050.3	6734	420	5
0	0	0	0	0	0	0	0	0	C5P15	4050.3	11369	420	5
0	0	0	0	0	0	0	0	0	0	0	0	0	0
C5C17	2	3930.3	11369	420	1	0	0	0	C5P15	4050.3	11369	420	5
0	0	3930.3	11634	420	1	0	0	0	C5P16	4050.3	11634	420	5
0	0	4170.3	11634	420	1	0	0	0	C5P05	3930.3	11501.5	420	5
0	0	4170.3	11369	420	1	0	0	0	0	0	0	0	0
0	0	0	0	0	0	0	0	0	0	0	0	0	0
C5C18	2	3930.3	11634	420	1	0	0	0	C5P16	4050.3	11634	420	5
0	0	3930.3	11879	420	1	0	0	0	C501D1	4170.3	11664	420	5
0	0	4170.3	11879	420	1	0	0	0	0	0	0	0	0
0	0	4170.3	11634	420	1	0	0	0	0	0	0	0	0
0	0	0	0	0	0	0	0	0	0	0	0	0	0
D5C8	2	600	0	420	1	0	0	0	D520D1	600	112	420	5
0	0	600	273	420	1	0	0	0	D5P01	834	118.5	420	5
0	0	834	273	420	1	0	0	0	D5P08	717.3	237	420	5
0	0	834	0	420	1	0	0	0	0	0	0	0	0
0	0	0	0	0	0	0	0	0	0	0	0	0	0
D5E6	1	1925.3	6164	420	1	0	0	0	0	0	0	0	0
0	0	1925.3	6484	420	3	0	0	0	0	0	0	0	0
0	0	1925.3	6644	420	1	0	0	0	0	0	0	0	0
0	0	1925.3	6734	420	1	0	0	0	0	0	0	0	0
0	0	3930.3	6734	420	3	0	0	0	0	0	0	0	0
0	0	3930.3	6164	420	1	0	0	0	0	0	0	0	0
0	0	0	0	0	0	0	0	0	0	0	0	0	0
D5E7	1	4170.3	6734	420	1	0	0	0	0	0	0	0	0
0	0	4585.3	6734	420	3	0	0	0	0	0	0	0	0
0	0	4585.3	6164	420	1	0	0	0	0	0	0	0	0
0	0	4170.3	6164	420	3	0	0	0	0	0	0	0	0
0	0	0	0	0	0	0	0	0	0	0	0	0	0
D5E8	1	3930.3	6164	420	3	0	0	0	0	0	0	0	0
0	0	3930.3	6734	420	3	0	0	0	0	0	0	0	0
0	0	4170.3	6734	420	3	0	0	0	0	0	0	0	0
0	0	4170.3	6164	420	1	0	0	0	0	0	0	0	0
0	0	0	0	0	0	0	0	0	0	0	0	0	0
D5E9	1	4585.3	6734	420	1	0	0	0	0	0	0	0	0
0	0	4825.3	6734	420	3	0	0	0	0	0	0	0	0
0	0	4825.3	6164	420	3	0	0	0	0	0	0	0	0
0	0	4585.3	6164	420	3	0	0	0	0	0	0	0	0
0	0	0	0	0	0	0	0	0	0	0	0	0	0
D5E10	1	4825.3	6734	420	1	0	0	0	0	0	0	0	0
0	0	5820.3	6734	420	3	0	0	0	0	0	0	0	0
0	0	5980.3	6734	420	1	0	0	0	0	0	0	0	0
0	0	7075.3	6734	420	3	0	0	0	0	0	0	0	0
0	0	7235.3	6734	420	1	0	0	0	0	0	0	0	0
0	0	8255.3	6734	420	3	0	0	0	0	0	0	0	0
0	0	8255.3	6164	420	1	0	0	0	0	0	0	0	0
0	0	4825.3	6164	420	3	0	0	0	0	0	0	0	0
0	0	0	0	0	0	0	0	0	0	0	0	0	0
C5E2	1	1881.3	11369	420	1	0	0	0	0	0	0	0	0
0	0	1881.3	11421.5	420	3	0	0	0	0	0	0	0	0
0	0	1881.3	11581.5	420	1	0	0	0	0	0	0	0	0
0	0	1881.3	11634	420	1	0	0	0	0	0	0	0	0
0	0	3930.3	11634	420	1	0	0	0	0	0	0	0	0
0	0	3930.3	11581.5	420	3	0	0	0	0	0	0	0	0
0	0	3930.3	11421.5	420	1	0	0	0	0	0	0	0	0
0	0	3930.3	11369	420	1	0	0	0	0	0	0	0	0
0	0	3360.3	11369	420	3	0	0	0	0	0	0	0	0
0	0	3180.3	11369	420	1	0	0	0	0	0	0	0	0
0	0	2780.3	11369	420	3	0	0	0	0	0	0	0	0
0	0	2600.3	11369	420	1	0	0	0	0	0	0	0	0
0	0	0	0	0	0	0	0	0	0	0	0	0	0
C5E3	1	3930.3	11634	420	1	0	0	0	0	0	0	0	0
0	0	3930.3	11879	420	1	0	0	0	0	0	0	0	0
0	0	4170.3	11879	420	3	0	0	0	0	0	0	0	0
0	0	0	0	0	0	0	0	0	0	0	0	0	0
